-1.0000,-1.0000,0.0031,
-0.9661,-1.0000,-0.0180,
-0.9322,-1.0000,-0.0884,
-0.8983,-1.0000,-0.4475,
-0.8644,-1.0000,-0.5964,
-0.8305,-1.0000,-0.6230,
-0.7966,-1.0000,-0.6461,
-0.7627,-1.0000,-0.2806,
-0.7288,-1.0000,-0.3809,
-0.6949,-1.0000,-0.7108,
-0.6610,-1.0000,-0.6881,
-0.6271,-1.0000,-0.6785,
-0.5932,-1.0000,-1.1601,
-0.5593,-1.0000,-0.7857,
-0.5254,-1.0000,-1.3419,
-0.4915,-1.0000,-0.6599,
-0.4576,-1.0000,-1.2975,
-0.4237,-1.0000,-1.3753,
-0.3898,-1.0000,-0.9174,
-0.3559,-1.0000,-0.9955,
-0.3220,-1.0000,-1.0002,
-0.2881,-1.0000,-0.9265,
-0.2542,-1.0000,-1.7068,
-0.2203,-1.0000,-1.0134,
-0.1864,-1.0000,-1.0836,
-0.1525,-1.0000,-0.9781,
-0.1186,-1.0000,-1.6577,
-0.0847,-1.0000,-0.8063,
-0.0508,-1.0000,-0.6517,
-0.0169,-1.0000,-0.9215,
0.0169,-1.0000,-1.1663,
0.0508,-1.0000,-1.2062,
0.0847,-1.0000,-0.9721,
0.1186,-1.0000,-1.0108,
0.1525,-1.0000,-1.0872,
0.1864,-1.0000,-1.0333,
0.2203,-1.0000,-1.4579,
0.2542,-1.0000,-1.1754,
0.2881,-1.0000,-0.6043,
0.3220,-1.0000,-1.1692,
0.3559,-1.0000,-0.8743,
0.3898,-1.0000,-0.9740,
0.4237,-1.0000,-0.8092,
0.4576,-1.0000,-1.0656,
0.4915,-1.0000,-0.8698,
0.5254,-1.0000,-0.3359,
0.5593,-1.0000,-0.5730,
0.5932,-1.0000,-0.4023,
0.6271,-1.0000,-0.5813,
0.6610,-1.0000,-0.4786,
0.6949,-1.0000,-0.8939,
0.7288,-1.0000,-1.0307,
0.7627,-1.0000,-0.8624,
0.7966,-1.0000,-0.0775,
0.8305,-1.0000,-0.1562,
0.8644,-1.0000,-0.5238,
0.8983,-1.0000,-0.3525,
0.9322,-1.0000,-0.1679,
0.9661,-1.0000,0.1234,
1.0000,-1.0000,-0.0793,
-1.0000,-0.9661,0.0158,
-0.9661,-0.9661,-0.5147,
-0.9322,-0.9661,-0.5224,
-0.8983,-0.9661,0.0432,
-0.8644,-0.9661,-0.2930,
-0.8305,-0.9661,-0.1354,
-0.7966,-0.9661,-0.4326,
-0.7627,-0.9661,-0.4405,
-0.7288,-0.9661,-0.4555,
-0.6949,-0.9661,-0.1651,
-0.6610,-0.9661,-0.2156,
-0.6271,-0.9661,-1.0693,
-0.5932,-0.9661,-0.4010,
-0.5593,-0.9661,-1.1423,
-0.5254,-0.9661,-0.9259,
-0.4915,-0.9661,-0.4554,
-0.4576,-0.9661,-0.8290,
-0.4237,-0.9661,-0.9251,
-0.3898,-0.9661,-1.1061,
-0.3559,-0.9661,-1.4986,
-0.3220,-0.9661,-0.5554,
-0.2881,-0.9661,-0.5360,
-0.2542,-0.9661,-0.9024,
-0.2203,-0.9661,-1.0839,
-0.1864,-0.9661,-0.9576,
-0.1525,-0.9661,-1.0911,
-0.1186,-0.9661,-1.1517,
-0.0847,-0.9661,-1.3033,
-0.0508,-0.9661,-1.2634,
-0.0169,-0.9661,-1.0091,
0.0169,-0.9661,-0.9189,
0.0508,-0.9661,-1.4679,
0.0847,-0.9661,-0.7941,
0.1186,-0.9661,-1.6042,
0.1525,-0.9661,-1.2050,
0.1864,-0.9661,-0.7693,
0.2203,-0.9661,-0.6964,
0.2542,-0.9661,-0.7745,
0.2881,-0.9661,-0.7812,
0.3220,-0.9661,-0.7987,
0.3559,-0.9661,-0.7584,
0.3898,-0.9661,-0.5000,
0.4237,-0.9661,-0.8402,
0.4576,-0.9661,-0.6447,
0.4915,-0.9661,-0.8320,
0.5254,-0.9661,-1.1833,
0.5593,-0.9661,-0.4887,
0.5932,-0.9661,-1.1016,
0.6271,-0.9661,-0.6917,
0.6610,-0.9661,-0.8886,
0.6949,-0.9661,-0.3490,
0.7288,-0.9661,-0.8947,
0.7627,-0.9661,-0.2318,
0.7966,-0.9661,0.1353,
0.8305,-0.9661,-0.1825,
0.8644,-0.9661,0.5192,
0.8983,-0.9661,-0.1206,
0.9322,-0.9661,0.0734,
0.9661,-0.9661,-0.1429,
1.0000,-0.9661,0.5893,
-1.0000,-0.9322,-0.0450,
-0.9661,-0.9322,-0.6724,
-0.9322,-0.9322,0.0045,
-0.8983,-0.9322,0.0708,
-0.8644,-0.9322,-0.0123,
-0.8305,-0.9322,-0.1671,
-0.7966,-0.9322,-0.1964,
-0.7627,-0.9322,-0.6237,
-0.7288,-0.9322,-0.3286,
-0.6949,-0.9322,-0.6061,
-0.6610,-0.9322,-0.0247,
-0.6271,-0.9322,-0.8230,
-0.5932,-0.9322,-0.8118,
-0.5593,-0.9322,-0.4648,
-0.5254,-0.9322,-0.4094,
-0.4915,-0.9322,-0.7888,
-0.4576,-0.9322,-0.7590,
-0.4237,-0.9322,-0.3935,
-0.3898,-0.9322,-1.4466,
-0.3559,-0.9322,-1.1794,
-0.3220,-0.9322,-0.4477,
-0.2881,-0.9322,-1.1215,
-0.2542,-0.9322,-0.6976,
-0.2203,-0.9322,-0.6443,
-0.1864,-0.9322,-2.0658,
-0.1525,-0.9322,-1.1988,
-0.1186,-0.9322,-1.2548,
-0.0847,-0.9322,-1.0921,
-0.0508,-0.9322,-1.0654,
-0.0169,-0.9322,-0.8057,
0.0169,-0.9322,-0.8303,
0.0508,-0.9322,-1.0510,
0.0847,-0.9322,-1.0115,
0.1186,-0.9322,-1.1849,
0.1525,-0.9322,-0.0629,
0.1864,-0.9322,-0.5132,
0.2203,-0.9322,-0.6587,
0.2542,-0.9322,-0.7434,
0.2881,-0.9322,-0.8990,
0.3220,-0.9322,-0.8694,
0.3559,-0.9322,-0.6147,
0.3898,-0.9322,-1.1124,
0.4237,-0.9322,-1.0668,
0.4576,-0.9322,-0.7839,
0.4915,-0.9322,-0.5863,
0.5254,-0.9322,-0.3926,
0.5593,-0.9322,-0.7823,
0.5932,-0.9322,-0.5209,
0.6271,-0.9322,-0.4886,
0.6610,-0.9322,-0.5400,
0.6949,-0.9322,-0.0688,
0.7288,-0.9322,-0.1515,
0.7627,-0.9322,-0.1577,
0.7966,-0.9322,-0.0811,
0.8305,-0.9322,-0.2143,
0.8644,-0.9322,0.2227,
0.8983,-0.9322,-0.1190,
0.9322,-0.9322,0.2290,
0.9661,-0.9322,0.3314,
1.0000,-0.9322,-0.1132,
-1.0000,-0.8983,-0.0098,
-0.9661,-0.8983,-0.3167,
-0.9322,-0.8983,-0.1021,
-0.8983,-0.8983,0.0407,
-0.8644,-0.8983,-0.4019,
-0.8305,-0.8983,-0.8998,
-0.7966,-0.8983,-0.4084,
-0.7627,-0.8983,-0.5909,
-0.7288,-0.8983,-0.6632,
-0.6949,-0.8983,-0.1370,
-0.6610,-0.8983,-0.2463,
-0.6271,-0.8983,-0.3569,
-0.5932,-0.8983,-0.7427,
-0.5593,-0.8983,-0.8374,
-0.5254,-0.8983,-0.6170,
-0.4915,-0.8983,-0.3470,
-0.4576,-0.8983,-1.1089,
-0.4237,-0.8983,-1.2149,
-0.3898,-0.8983,-0.4417,
-0.3559,-0.8983,-1.2248,
-0.3220,-0.8983,-1.0461,
-0.2881,-0.8983,-0.5234,
-0.2542,-0.8983,-0.3886,
-0.2203,-0.8983,-0.4590,
-0.1864,-0.8983,-0.9315,
-0.1525,-0.8983,-0.8184,
-0.1186,-0.8983,-0.7359,
-0.0847,-0.8983,-1.0942,
-0.0508,-0.8983,-1.1081,
-0.0169,-0.8983,-0.4925,
0.0169,-0.8983,-1.0740,
0.0508,-0.8983,-1.0979,
0.0847,-0.8983,-1.0889,
0.1186,-0.8983,-0.7554,
0.1525,-0.8983,-0.1122,
0.1864,-0.8983,-0.4895,
0.2203,-0.8983,-1.0266,
0.2542,-0.8983,-0.3140,
0.2881,-0.8983,-0.8453,
0.3220,-0.8983,-0.8203,
0.3559,-0.8983,-0.7056,
0.3898,-0.8983,-0.8997,
0.4237,-0.8983,-1.0289,
0.4576,-0.8983,-0.8300,
0.4915,-0.8983,-0.6205,
0.5254,-0.8983,-0.2908,
0.5593,-0.8983,-0.4185,
0.5932,-0.8983,-0.6219,
0.6271,-0.8983,-0.6348,
0.6610,-0.8983,-0.2055,
0.6949,-0.8983,-0.8590,
0.7288,-0.8983,-0.8719,
0.7627,-0.8983,-0.4610,
0.7966,-0.8983,-0.0272,
0.8305,-0.8983,-0.6839,
0.8644,-0.8983,-0.0524,
0.8983,-0.8983,-0.2025,
0.9322,-0.8983,-0.0688,
0.9661,-0.8983,-0.7022,
1.0000,-0.8983,0.4389,
-1.0000,-0.8644,-0.0300,
-0.9661,-0.8644,-0.0099,
-0.9322,-0.8644,-0.3974,
-0.8983,-0.8644,-0.4639,
-0.8644,-0.8644,-0.0325,
-0.8305,-0.8644,-0.4991,
-0.7966,-0.8644,-0.1692,
-0.7627,-0.8644,0.2726,
-0.7288,-0.8644,-0.0528,
-0.6949,-0.8644,-0.0966,
-0.6610,-0.8644,-0.7525,
-0.6271,-0.8644,0.3751,
-0.5932,-0.8644,-0.2062,
-0.5593,-0.8644,-1.0939,
-0.5254,-0.8644,-0.7085,
-0.4915,-0.8644,-0.9079,
-0.4576,-0.8644,-0.6437,
-0.4237,-0.8644,-0.6934,
-0.3898,-0.8644,-0.3703,
-0.3559,-0.8644,-0.4055,
-0.3220,-0.8644,-0.7489,
-0.2881,-0.8644,-0.9284,
-0.2542,-0.8644,-0.6567,
-0.2203,-0.8644,-0.5939,
-0.1864,-0.8644,-0.0462,
-0.1525,-0.8644,-0.8586,
-0.1186,-0.8644,-0.7723,
-0.0847,-0.8644,-0.6874,
-0.0508,-0.8644,-0.2329,
-0.0169,-0.8644,-0.7791,
0.0169,-0.8644,-0.5257,
0.0508,-0.8644,-0.9534,
0.0847,-0.8644,-1.1706,
0.1186,-0.8644,-0.1307,
0.1525,-0.8644,-0.8442,
0.1864,-0.8644,-0.7684,
0.2203,-0.8644,-1.2181,
0.2542,-0.8644,-0.8814,
0.2881,-0.8644,-1.3118,
0.3220,-0.8644,-0.7601,
0.3559,-0.8644,-0.9552,
0.3898,-0.8644,-0.3928,
0.4237,-0.8644,-0.4528,
0.4576,-0.8644,-0.4905,
0.4915,-0.8644,-0.7252,
0.5254,-0.8644,-0.3868,
0.5593,-0.8644,-0.8745,
0.5932,-0.8644,-0.4744,
0.6271,-0.8644,-0.1632,
0.6610,-0.8644,0.2228,
0.6949,-0.8644,-0.3677,
0.7288,-0.8644,-0.0906,
0.7627,-0.8644,-0.3792,
0.7966,-0.8644,-0.6631,
0.8305,-0.8644,0.1937,
0.8644,-0.8644,0.0814,
0.8983,-0.8644,-0.0608,
0.9322,-0.8644,0.1721,
0.9661,-0.8644,0.1499,
1.0000,-0.8644,0.0945,
-1.0000,-0.8305,-0.0771,
-0.9661,-0.8305,0.2371,
-0.9322,-0.8305,-0.4550,
-0.8983,-0.8305,0.0042,
-0.8644,-0.8305,-0.1679,
-0.8305,-0.8305,0.4469,
-0.7966,-0.8305,-0.1673,
-0.7627,-0.8305,-0.0699,
-0.7288,-0.8305,0.1530,
-0.6949,-0.8305,-0.2037,
-0.6610,-0.8305,-0.0229,
-0.6271,-0.8305,0.2511,
-0.5932,-0.8305,-1.1746,
-0.5593,-0.8305,-0.9892,
-0.5254,-0.8305,-0.4659,
-0.4915,-0.8305,-0.4179,
-0.4576,-0.8305,-0.6982,
-0.4237,-0.8305,-0.6959,
-0.3898,-0.8305,-1.2225,
-0.3559,-0.8305,-0.4424,
-0.3220,-0.8305,-0.5960,
-0.2881,-0.8305,-0.6608,
-0.2542,-0.8305,-0.2004,
-0.2203,-0.8305,-0.4416,
-0.1864,-0.8305,-0.8445,
-0.1525,-0.8305,-0.9616,
-0.1186,-0.8305,-0.8062,
-0.0847,-0.8305,-0.5720,
-0.0508,-0.8305,-1.0193,
-0.0169,-0.8305,-1.1966,
0.0169,-0.8305,-0.8539,
0.0508,-0.8305,-1.0836,
0.0847,-0.8305,-0.6088,
0.1186,-0.8305,-0.6309,
0.1525,-0.8305,-0.7212,
0.1864,-0.8305,-0.7454,
0.2203,-0.8305,-1.2286,
0.2542,-0.8305,-0.9192,
0.2881,-0.8305,-0.4894,
0.3220,-0.8305,-0.7822,
0.3559,-0.8305,-0.4538,
0.3898,-0.8305,-0.8738,
0.4237,-0.8305,-0.7252,
0.4576,-0.8305,-0.1861,
0.4915,-0.8305,-0.2985,
0.5254,-0.8305,-0.6017,
0.5593,-0.8305,0.3882,
0.5932,-0.8305,-0.3043,
0.6271,-0.8305,-0.6318,
0.6610,-0.8305,-0.3010,
0.6949,-0.8305,-0.2066,
0.7288,-0.8305,-0.1744,
0.7627,-0.8305,-0.3333,
0.7966,-0.8305,0.4899,
0.8305,-0.8305,0.2196,
0.8644,-0.8305,0.6512,
0.8983,-0.8305,0.0077,
0.9322,-0.8305,-0.1850,
0.9661,-0.8305,0.3561,
1.0000,-0.8305,-0.1651,
-1.0000,-0.7966,0.1926,
-0.9661,-0.7966,0.1192,
-0.9322,-0.7966,-0.1854,
-0.8983,-0.7966,0.0607,
-0.8644,-0.7966,0.4910,
-0.8305,-0.7966,0.3313,
-0.7966,-0.7966,0.1686,
-0.7627,-0.7966,-0.2976,
-0.7288,-0.7966,-0.1457,
-0.6949,-0.7966,-0.2630,
-0.6610,-0.7966,0.1224,
-0.6271,-0.7966,0.0131,
-0.5932,-0.7966,-0.5752,
-0.5593,-0.7966,-0.6579,
-0.5254,-0.7966,-0.9836,
-0.4915,-0.7966,-0.4867,
-0.4576,-0.7966,-0.4219,
-0.4237,-0.7966,-0.6025,
-0.3898,-0.7966,-0.2975,
-0.3559,-0.7966,-0.0277,
-0.3220,-0.7966,-1.1824,
-0.2881,-0.7966,-0.3645,
-0.2542,-0.7966,-0.3235,
-0.2203,-0.7966,-0.6991,
-0.1864,-0.7966,-0.7807,
-0.1525,-0.7966,-0.7289,
-0.1186,-0.7966,-0.8796,
-0.0847,-0.7966,0.3071,
-0.0508,-0.7966,-0.3462,
-0.0169,-0.7966,-1.3305,
0.0169,-0.7966,-0.6282,
0.0508,-0.7966,-0.1894,
0.0847,-0.7966,-0.6452,
0.1186,-0.7966,-0.7126,
0.1525,-0.7966,-0.6792,
0.1864,-0.7966,-1.0795,
0.2203,-0.7966,-0.9115,
0.2542,-0.7966,-0.1967,
0.2881,-0.7966,-0.6652,
0.3220,-0.7966,-0.9168,
0.3559,-0.7966,-0.4242,
0.3898,-0.7966,-0.3656,
0.4237,-0.7966,-0.4236,
0.4576,-0.7966,-0.6069,
0.4915,-0.7966,-0.8013,
0.5254,-0.7966,-0.3780,
0.5593,-0.7966,-0.7046,
0.5932,-0.7966,-0.4380,
0.6271,-0.7966,-0.0293,
0.6610,-0.7966,-0.4427,
0.6949,-0.7966,-0.3313,
0.7288,-0.7966,-0.4534,
0.7627,-0.7966,0.1041,
0.7966,-0.7966,0.1589,
0.8305,-0.7966,0.0718,
0.8644,-0.7966,-0.1834,
0.8983,-0.7966,0.3201,
0.9322,-0.7966,0.1078,
0.9661,-0.7966,0.1652,
1.0000,-0.7966,0.4375,
-1.0000,-0.7627,0.5508,
-0.9661,-0.7627,0.4870,
-0.9322,-0.7627,-0.1339,
-0.8983,-0.7627,-0.3511,
-0.8644,-0.7627,-0.0584,
-0.8305,-0.7627,-0.2737,
-0.7966,-0.7627,-0.0766,
-0.7627,-0.7627,0.1302,
-0.7288,-0.7627,-0.1624,
-0.6949,-0.7627,0.4824,
-0.6610,-0.7627,-0.2028,
-0.6271,-0.7627,-0.1783,
-0.5932,-0.7627,-0.8561,
-0.5593,-0.7627,-0.3306,
-0.5254,-0.7627,-0.2216,
-0.4915,-0.7627,-0.7635,
-0.4576,-0.7627,-0.5001,
-0.4237,-0.7627,-0.6808,
-0.3898,-0.7627,-0.2313,
-0.3559,-0.7627,-0.4351,
-0.3220,-0.7627,-0.3867,
-0.2881,-0.7627,-0.4584,
-0.2542,-0.7627,-0.3906,
-0.2203,-0.7627,-0.9554,
-0.1864,-0.7627,-0.6781,
-0.1525,-0.7627,0.1166,
-0.1186,-0.7627,-0.5522,
-0.0847,-0.7627,-1.1363,
-0.0508,-0.7627,-0.5098,
-0.0169,-0.7627,-0.3349,
0.0169,-0.7627,-0.6832,
0.0508,-0.7627,-0.8854,
0.0847,-0.7627,-0.5973,
0.1186,-0.7627,-1.0594,
0.1525,-0.7627,-1.0627,
0.1864,-0.7627,-0.7421,
0.2203,-0.7627,-0.2876,
0.2542,-0.7627,-0.6768,
0.2881,-0.7627,-0.5254,
0.3220,-0.7627,-0.3136,
0.3559,-0.7627,-0.5752,
0.3898,-0.7627,-0.0154,
0.4237,-0.7627,-0.2925,
0.4576,-0.7627,-0.5919,
0.4915,-0.7627,-0.3484,
0.5254,-0.7627,-0.1494,
0.5593,-0.7627,0.1330,
0.5932,-0.7627,-0.6794,
0.6271,-0.7627,-0.1728,
0.6610,-0.7627,0.2585,
0.6949,-0.7627,0.0485,
0.7288,-0.7627,-0.1624,
0.7627,-0.7627,0.2183,
0.7966,-0.7627,0.1407,
0.8305,-0.7627,-0.4054,
0.8644,-0.7627,0.6207,
0.8983,-0.7627,0.4750,
0.9322,-0.7627,0.1904,
0.9661,-0.7627,0.6603,
1.0000,-0.7627,0.0870,
-1.0000,-0.7288,0.6868,
-0.9661,-0.7288,0.4154,
-0.9322,-0.7288,-0.0128,
-0.8983,-0.7288,0.5072,
-0.8644,-0.7288,0.2414,
-0.8305,-0.7288,0.1090,
-0.7966,-0.7288,-0.5340,
-0.7627,-0.7288,-0.1951,
-0.7288,-0.7288,-0.1178,
-0.6949,-0.7288,-0.1308,
-0.6610,-0.7288,-0.0774,
-0.6271,-0.7288,-0.0374,
-0.5932,-0.7288,0.0532,
-0.5593,-0.7288,0.0927,
-0.5254,-0.7288,0.0114,
-0.4915,-0.7288,0.0925,
-0.4576,-0.7288,-0.4235,
-0.4237,-0.7288,-0.7200,
-0.3898,-0.7288,-0.7276,
-0.3559,-0.7288,-0.4527,
-0.3220,-0.7288,0.0199,
-0.2881,-0.7288,-0.7577,
-0.2542,-0.7288,-0.7871,
-0.2203,-0.7288,-0.6549,
-0.1864,-0.7288,-0.6495,
-0.1525,-0.7288,-0.1911,
-0.1186,-0.7288,-0.5644,
-0.0847,-0.7288,-0.5552,
-0.0508,-0.7288,-0.1391,
-0.0169,-0.7288,-0.5244,
0.0169,-0.7288,-0.0587,
0.0508,-0.7288,-0.2955,
0.0847,-0.7288,-0.3915,
0.1186,-0.7288,-0.5336,
0.1525,-0.7288,-0.4372,
0.1864,-0.7288,-0.5622,
0.2203,-0.7288,-0.1653,
0.2542,-0.7288,-0.4220,
0.2881,-0.7288,0.0771,
0.3220,-0.7288,-0.2546,
0.3559,-0.7288,-0.7181,
0.3898,-0.7288,-0.5045,
0.4237,-0.7288,-0.2265,
0.4576,-0.7288,-0.3084,
0.4915,-0.7288,0.1920,
0.5254,-0.7288,-0.2377,
0.5593,-0.7288,-0.1796,
0.5932,-0.7288,-0.0091,
0.6271,-0.7288,0.0354,
0.6610,-0.7288,0.2274,
0.6949,-0.7288,-0.2574,
0.7288,-0.7288,-0.2231,
0.7627,-0.7288,0.4134,
0.7966,-0.7288,0.1909,
0.8305,-0.7288,0.1318,
0.8644,-0.7288,0.1209,
0.8983,-0.7288,0.5300,
0.9322,-0.7288,0.5939,
0.9661,-0.7288,0.5245,
1.0000,-0.7288,0.0457,
-1.0000,-0.6949,0.3544,
-0.9661,-0.6949,0.0069,
-0.9322,-0.6949,0.3761,
-0.8983,-0.6949,0.5400,
-0.8644,-0.6949,-0.5156,
-0.8305,-0.6949,0.0467,
-0.7966,-0.6949,0.1184,
-0.7627,-0.6949,-0.1634,
-0.7288,-0.6949,-0.0997,
-0.6949,-0.6949,-0.2476,
-0.6610,-0.6949,-0.4145,
-0.6271,-0.6949,-0.0316,
-0.5932,-0.6949,-0.2233,
-0.5593,-0.6949,-0.0794,
-0.5254,-0.6949,0.1105,
-0.4915,-0.6949,-0.5427,
-0.4576,-0.6949,-0.3408,
-0.4237,-0.6949,0.0087,
-0.3898,-0.6949,0.0450,
-0.3559,-0.6949,-0.2166,
-0.3220,-0.6949,-0.0757,
-0.2881,-0.6949,-0.2329,
-0.2542,-0.6949,-0.3412,
-0.2203,-0.6949,-0.4876,
-0.1864,-0.6949,-0.4506,
-0.1525,-0.6949,-0.7886,
-0.1186,-0.6949,-0.3955,
-0.0847,-0.6949,-0.4529,
-0.0508,-0.6949,-0.3203,
-0.0169,-0.6949,-0.3364,
0.0169,-0.6949,-1.0799,
0.0508,-0.6949,-0.4689,
0.0847,-0.6949,-0.5422,
0.1186,-0.6949,-0.2744,
0.1525,-0.6949,-0.0676,
0.1864,-0.6949,-0.9511,
0.2203,-0.6949,0.0100,
0.2542,-0.6949,-0.4664,
0.2881,-0.6949,-0.3573,
0.3220,-0.6949,-0.2492,
0.3559,-0.6949,-0.5219,
0.3898,-0.6949,-0.4233,
0.4237,-0.6949,-0.3314,
0.4576,-0.6949,-0.2546,
0.4915,-0.6949,0.3546,
0.5254,-0.6949,-0.2269,
0.5593,-0.6949,-0.0804,
0.5932,-0.6949,0.0389,
0.6271,-0.6949,0.0833,
0.6610,-0.6949,0.1169,
0.6949,-0.6949,-0.2422,
0.7288,-0.6949,0.1371,
0.7627,-0.6949,0.0738,
0.7966,-0.6949,0.8696,
0.8305,-0.6949,0.0843,
0.8644,-0.6949,0.2165,
0.8983,-0.6949,0.2199,
0.9322,-0.6949,0.4785,
0.9661,-0.6949,0.4485,
1.0000,-0.6949,1.1985,
-1.0000,-0.6610,0.5432,
-0.9661,-0.6610,0.3667,
-0.9322,-0.6610,0.4293,
-0.8983,-0.6610,-0.0989,
-0.8644,-0.6610,0.1989,
-0.8305,-0.6610,0.8196,
-0.7966,-0.6610,-0.1015,
-0.7627,-0.6610,-0.3021,
-0.7288,-0.6610,0.3520,
-0.6949,-0.6610,-0.1749,
-0.6610,-0.6610,-0.3960,
-0.6271,-0.6610,0.0397,
-0.5932,-0.6610,-0.1917,
-0.5593,-0.6610,0.1922,
-0.5254,-0.6610,-0.3253,
-0.4915,-0.6610,-0.2660,
-0.4576,-0.6610,-0.5737,
-0.4237,-0.6610,-0.6441,
-0.3898,-0.6610,-0.3165,
-0.3559,-0.6610,-0.4143,
-0.3220,-0.6610,-0.7285,
-0.2881,-0.6610,-0.2074,
-0.2542,-0.6610,-0.5109,
-0.2203,-0.6610,-0.5060,
-0.1864,-0.6610,-0.3534,
-0.1525,-0.6610,-0.3469,
-0.1186,-0.6610,-0.5277,
-0.0847,-0.6610,-0.7003,
-0.0508,-0.6610,-0.1977,
-0.0169,-0.6610,-0.1361,
0.0169,-0.6610,-0.4960,
0.0508,-0.6610,-0.7907,
0.0847,-0.6610,-0.5375,
0.1186,-0.6610,-0.7936,
0.1525,-0.6610,-0.2325,
0.1864,-0.6610,-0.7665,
0.2203,-0.6610,-0.3901,
0.2542,-0.6610,-0.7953,
0.2881,-0.6610,-0.3986,
0.3220,-0.6610,-0.2196,
0.3559,-0.6610,-0.8747,
0.3898,-0.6610,-0.6156,
0.4237,-0.6610,-0.5368,
0.4576,-0.6610,0.0839,
0.4915,-0.6610,-0.5082,
0.5254,-0.6610,0.3182,
0.5593,-0.6610,-0.7602,
0.5932,-0.6610,0.0805,
0.6271,-0.6610,0.0019,
0.6610,-0.6610,-0.6441,
0.6949,-0.6610,0.0280,
0.7288,-0.6610,-0.0274,
0.7627,-0.6610,-0.2094,
0.7966,-0.6610,0.0594,
0.8305,-0.6610,0.2060,
0.8644,-0.6610,0.3037,
0.8983,-0.6610,0.7171,
0.9322,-0.6610,0.7058,
0.9661,-0.6610,0.8145,
1.0000,-0.6610,0.0815,
-1.0000,-0.6271,0.6227,
-0.9661,-0.6271,-0.0742,
-0.9322,-0.6271,0.6059,
-0.8983,-0.6271,0.5435,
-0.8644,-0.6271,0.1835,
-0.8305,-0.6271,0.0343,
-0.7966,-0.6271,0.1587,
-0.7627,-0.6271,0.1693,
-0.7288,-0.6271,0.0108,
-0.6949,-0.6271,-0.2303,
-0.6610,-0.6271,0.0076,
-0.6271,-0.6271,-0.0041,
-0.5932,-0.6271,-0.3831,
-0.5593,-0.6271,0.0067,
-0.5254,-0.6271,-0.2563,
-0.4915,-0.6271,-0.3715,
-0.4576,-0.6271,0.3209,
-0.4237,-0.6271,-0.5475,
-0.3898,-0.6271,-0.2179,
-0.3559,-0.6271,-0.0751,
-0.3220,-0.6271,-0.4023,
-0.2881,-0.6271,-0.4768,
-0.2542,-0.6271,-0.5256,
-0.2203,-0.6271,-0.5961,
-0.1864,-0.6271,-0.3641,
-0.1525,-0.6271,-0.4696,
-0.1186,-0.6271,-0.7853,
-0.0847,-0.6271,-0.2037,
-0.0508,-0.6271,-0.5260,
-0.0169,-0.6271,-0.8797,
0.0169,-0.6271,-0.3291,
0.0508,-0.6271,0.2965,
0.0847,-0.6271,0.3005,
0.1186,-0.6271,-0.2262,
0.1525,-0.6271,-0.1158,
0.1864,-0.6271,-0.1294,
0.2203,-0.6271,-0.6227,
0.2542,-0.6271,-0.1138,
0.2881,-0.6271,-0.4364,
0.3220,-0.6271,0.3605,
0.3559,-0.6271,-0.2176,
0.3898,-0.6271,-0.1148,
0.4237,-0.6271,-0.0882,
0.4576,-0.6271,-0.4663,
0.4915,-0.6271,-0.3405,
0.5254,-0.6271,0.1391,
0.5593,-0.6271,-0.1089,
0.5932,-0.6271,-0.2231,
0.6271,-0.6271,0.6081,
0.6610,-0.6271,-0.2002,
0.6949,-0.6271,0.0310,
0.7288,-0.6271,0.4445,
0.7627,-0.6271,-0.5023,
0.7966,-0.6271,0.2194,
0.8305,-0.6271,0.6231,
0.8644,-0.6271,0.5410,
0.8983,-0.6271,0.3067,
0.9322,-0.6271,0.7478,
0.9661,-0.6271,0.2306,
1.0000,-0.6271,0.2827,
-1.0000,-0.5932,0.4240,
-0.9661,-0.5932,0.2742,
-0.9322,-0.5932,0.1697,
-0.8983,-0.5932,0.4684,
-0.8644,-0.5932,-0.0584,
-0.8305,-0.5932,0.1239,
-0.7966,-0.5932,-0.3266,
-0.7627,-0.5932,-0.4128,
-0.7288,-0.5932,0.1535,
-0.6949,-0.5932,0.1924,
-0.6610,-0.5932,-0.0266,
-0.6271,-0.5932,0.4539,
-0.5932,-0.5932,0.6788,
-0.5593,-0.5932,0.1882,
-0.5254,-0.5932,-0.4546,
-0.4915,-0.5932,-0.5931,
-0.4576,-0.5932,0.2491,
-0.4237,-0.5932,0.2462,
-0.3898,-0.5932,-0.1377,
-0.3559,-0.5932,-0.0691,
-0.3220,-0.5932,-0.1281,
-0.2881,-0.5932,-0.4139,
-0.2542,-0.5932,-0.1570,
-0.2203,-0.5932,-0.2158,
-0.1864,-0.5932,-0.4885,
-0.1525,-0.5932,-0.0804,
-0.1186,-0.5932,-0.4362,
-0.0847,-0.5932,-0.0860,
-0.0508,-0.5932,-0.2732,
-0.0169,-0.5932,0.2875,
0.0169,-0.5932,0.0242,
0.0508,-0.5932,-0.4613,
0.0847,-0.5932,-0.7113,
0.1186,-0.5932,-0.5268,
0.1525,-0.5932,-0.2979,
0.1864,-0.5932,-0.0310,
0.2203,-0.5932,-0.3283,
0.2542,-0.5932,0.0164,
0.2881,-0.5932,-0.7376,
0.3220,-0.5932,-0.1580,
0.3559,-0.5932,0.0141,
0.3898,-0.5932,-0.4102,
0.4237,-0.5932,0.0970,
0.4576,-0.5932,-0.4532,
0.4915,-0.5932,-0.1537,
0.5254,-0.5932,-0.4798,
0.5593,-0.5932,0.0310,
0.5932,-0.5932,0.1598,
0.6271,-0.5932,-0.0010,
0.6610,-0.5932,0.1361,
0.6949,-0.5932,0.7286,
0.7288,-0.5932,-0.0786,
0.7627,-0.5932,0.2731,
0.7966,-0.5932,0.3798,
0.8305,-0.5932,0.4622,
0.8644,-0.5932,0.8353,
0.8983,-0.5932,0.7867,
0.9322,-0.5932,0.4874,
0.9661,-0.5932,0.7882,
1.0000,-0.5932,0.8509,
-1.0000,-0.5593,0.3868,
-0.9661,-0.5593,-0.3927,
-0.9322,-0.5593,0.4961,
-0.8983,-0.5593,0.0588,
-0.8644,-0.5593,-0.3754,
-0.8305,-0.5593,0.2071,
-0.7966,-0.5593,0.4512,
-0.7627,-0.5593,0.8532,
-0.7288,-0.5593,0.0205,
-0.6949,-0.5593,-0.2439,
-0.6610,-0.5593,0.2053,
-0.6271,-0.5593,0.0035,
-0.5932,-0.5593,0.0866,
-0.5593,-0.5593,-0.0925,
-0.5254,-0.5593,0.0898,
-0.4915,-0.5593,-0.4025,
-0.4576,-0.5593,0.1434,
-0.4237,-0.5593,-0.5415,
-0.3898,-0.5593,0.0077,
-0.3559,-0.5593,-0.7855,
-0.3220,-0.5593,-0.0201,
-0.2881,-0.5593,-0.6796,
-0.2542,-0.5593,-0.1304,
-0.2203,-0.5593,-0.1964,
-0.1864,-0.5593,0.5918,
-0.1525,-0.5593,-0.3194,
-0.1186,-0.5593,-0.2817,
-0.0847,-0.5593,-0.1088,
-0.0508,-0.5593,-0.2208,
-0.0169,-0.5593,-0.5469,
0.0169,-0.5593,-0.5715,
0.0508,-0.5593,-0.4148,
0.0847,-0.5593,-0.1919,
0.1186,-0.5593,-0.3382,
0.1525,-0.5593,-0.6196,
0.1864,-0.5593,0.1395,
0.2203,-0.5593,0.1624,
0.2542,-0.5593,-0.2632,
0.2881,-0.5593,-0.3924,
0.3220,-0.5593,-0.0282,
0.3559,-0.5593,-0.0537,
0.3898,-0.5593,0.1463,
0.4237,-0.5593,-0.3765,
0.4576,-0.5593,-0.5447,
0.4915,-0.5593,-0.5158,
0.5254,-0.5593,-0.2282,
0.5593,-0.5593,-0.3132,
0.5932,-0.5593,0.2598,
0.6271,-0.5593,0.1391,
0.6610,-0.5593,-0.0529,
0.6949,-0.5593,0.0986,
0.7288,-0.5593,-0.1793,
0.7627,-0.5593,0.2665,
0.7966,-0.5593,0.3813,
0.8305,-0.5593,0.8860,
0.8644,-0.5593,0.5138,
0.8983,-0.5593,0.9267,
0.9322,-0.5593,0.4646,
0.9661,-0.5593,0.6067,
1.0000,-0.5593,0.2866,
-1.0000,-0.5254,0.6621,
-0.9661,-0.5254,0.8284,
-0.9322,-0.5254,0.2903,
-0.8983,-0.5254,-0.1567,
-0.8644,-0.5254,1.2265,
-0.8305,-0.5254,0.3102,
-0.7966,-0.5254,0.1235,
-0.7627,-0.5254,0.3909,
-0.7288,-0.5254,-0.2532,
-0.6949,-0.5254,-0.2304,
-0.6610,-0.5254,0.0256,
-0.6271,-0.5254,0.0368,
-0.5932,-0.5254,-0.3503,
-0.5593,-0.5254,0.6007,
-0.5254,-0.5254,-0.2597,
-0.4915,-0.5254,-0.8844,
-0.4576,-0.5254,0.0583,
-0.4237,-0.5254,-0.7907,
-0.3898,-0.5254,-0.0780,
-0.3559,-0.5254,-0.6220,
-0.3220,-0.5254,0.3266,
-0.2881,-0.5254,-0.3609,
-0.2542,-0.5254,-0.2257,
-0.2203,-0.5254,-0.6538,
-0.1864,-0.5254,-0.4410,
-0.1525,-0.5254,-0.6362,
-0.1186,-0.5254,0.0160,
-0.0847,-0.5254,0.0224,
-0.0508,-0.5254,-0.1049,
-0.0169,-0.5254,-0.7319,
0.0169,-0.5254,-0.5332,
0.0508,-0.5254,-0.8554,
0.0847,-0.5254,-0.3025,
0.1186,-0.5254,-0.1780,
0.1525,-0.5254,-0.3040,
0.1864,-0.5254,-0.2565,
0.2203,-0.5254,-0.3145,
0.2542,-0.5254,-0.4719,
0.2881,-0.5254,-0.2274,
0.3220,-0.5254,-0.7769,
0.3559,-0.5254,0.4572,
0.3898,-0.5254,-0.7652,
0.4237,-0.5254,0.1945,
0.4576,-0.5254,0.3658,
0.4915,-0.5254,0.2354,
0.5254,-0.5254,0.2115,
0.5593,-0.5254,-0.0897,
0.5932,-0.5254,0.1193,
0.6271,-0.5254,0.4645,
0.6610,-0.5254,0.5323,
0.6949,-0.5254,1.1104,
0.7288,-0.5254,0.9328,
0.7627,-0.5254,0.2825,
0.7966,-0.5254,0.8297,
0.8305,-0.5254,0.8118,
0.8644,-0.5254,0.0913,
0.8983,-0.5254,0.6416,
0.9322,-0.5254,0.7564,
0.9661,-0.5254,0.1294,
1.0000,-0.5254,0.5422,
-1.0000,-0.4915,1.2448,
-0.9661,-0.4915,0.7145,
-0.9322,-0.4915,0.8217,
-0.8983,-0.4915,0.4252,
-0.8644,-0.4915,-0.3806,
-0.8305,-0.4915,0.6420,
-0.7966,-0.4915,0.7972,
-0.7627,-0.4915,-0.0985,
-0.7288,-0.4915,0.1669,
-0.6949,-0.4915,-0.0568,
-0.6610,-0.4915,0.0274,
-0.6271,-0.4915,0.1558,
-0.5932,-0.4915,-0.0945,
-0.5593,-0.4915,-0.2030,
-0.5254,-0.4915,0.2418,
-0.4915,-0.4915,0.1495,
-0.4576,-0.4915,-0.3086,
-0.4237,-0.4915,-0.4025,
-0.3898,-0.4915,-0.1712,
-0.3559,-0.4915,-0.6252,
-0.3220,-0.4915,0.0974,
-0.2881,-0.4915,-0.2931,
-0.2542,-0.4915,-0.0231,
-0.2203,-0.4915,-0.7730,
-0.1864,-0.4915,-0.5718,
-0.1525,-0.4915,-0.1238,
-0.1186,-0.4915,-0.5407,
-0.0847,-0.4915,0.1477,
-0.0508,-0.4915,-0.7631,
-0.0169,-0.4915,-0.0359,
0.0169,-0.4915,0.0473,
0.0508,-0.4915,-0.3394,
0.0847,-0.4915,-0.5750,
0.1186,-0.4915,-0.2020,
0.1525,-0.4915,-0.4404,
0.1864,-0.4915,-0.1919,
0.2203,-0.4915,-0.0973,
0.2542,-0.4915,-0.0269,
0.2881,-0.4915,-0.4344,
0.3220,-0.4915,0.2660,
0.3559,-0.4915,-0.0440,
0.3898,-0.4915,-0.0732,
0.4237,-0.4915,-0.4462,
0.4576,-0.4915,-0.0875,
0.4915,-0.4915,-0.0513,
0.5254,-0.4915,-0.3651,
0.5593,-0.4915,-0.1165,
0.5932,-0.4915,0.2834,
0.6271,-0.4915,0.3056,
0.6610,-0.4915,0.4790,
0.6949,-0.4915,0.0478,
0.7288,-0.4915,0.1710,
0.7627,-0.4915,-0.0248,
0.7966,-0.4915,0.2260,
0.8305,-0.4915,0.5927,
0.8644,-0.4915,0.3540,
0.8983,-0.4915,0.2772,
0.9322,-0.4915,0.7799,
0.9661,-0.4915,1.0962,
1.0000,-0.4915,0.9411,
-1.0000,-0.4576,0.8789,
-0.9661,-0.4576,0.5053,
-0.9322,-0.4576,0.5138,
-0.8983,-0.4576,0.4547,
-0.8644,-0.4576,0.3067,
-0.8305,-0.4576,0.4280,
-0.7966,-0.4576,0.1322,
-0.7627,-0.4576,-0.2569,
-0.7288,-0.4576,0.2583,
-0.6949,-0.4576,0.3640,
-0.6610,-0.4576,-0.0332,
-0.6271,-0.4576,0.3880,
-0.5932,-0.4576,-0.2620,
-0.5593,-0.4576,0.2912,
-0.5254,-0.4576,0.0708,
-0.4915,-0.4576,0.0754,
-0.4576,-0.4576,0.1662,
-0.4237,-0.4576,-0.1684,
-0.3898,-0.4576,-0.1178,
-0.3559,-0.4576,-0.1631,
-0.3220,-0.4576,-0.7116,
-0.2881,-0.4576,-0.7329,
-0.2542,-0.4576,0.2536,
-0.2203,-0.4576,-0.0073,
-0.1864,-0.4576,0.4315,
-0.1525,-0.4576,0.1851,
-0.1186,-0.4576,-0.0727,
-0.0847,-0.4576,-0.2388,
-0.0508,-0.4576,0.0515,
-0.0169,-0.4576,0.0459,
0.0169,-0.4576,-0.5840,
0.0508,-0.4576,-0.5311,
0.0847,-0.4576,0.3194,
0.1186,-0.4576,0.4170,
0.1525,-0.4576,0.3648,
0.1864,-0.4576,-0.3188,
0.2203,-0.4576,-0.2925,
0.2542,-0.4576,-0.1182,
0.2881,-0.4576,-0.0922,
0.3220,-0.4576,-0.3433,
0.3559,-0.4576,-0.2730,
0.3898,-0.4576,0.3430,
0.4237,-0.4576,-0.0440,
0.4576,-0.4576,0.4799,
0.4915,-0.4576,-0.0592,
0.5254,-0.4576,0.4895,
0.5593,-0.4576,0.5221,
0.5932,-0.4576,-0.1481,
0.6271,-0.4576,0.0470,
0.6610,-0.4576,-0.2233,
0.6949,-0.4576,0.4330,
0.7288,-0.4576,0.6102,
0.7627,-0.4576,0.8624,
0.7966,-0.4576,0.7464,
0.8305,-0.4576,0.6015,
0.8644,-0.4576,0.5847,
0.8983,-0.4576,0.9074,
0.9322,-0.4576,0.7510,
0.9661,-0.4576,0.7741,
1.0000,-0.4576,1.6383,
-1.0000,-0.4237,1.0092,
-0.9661,-0.4237,0.6924,
-0.9322,-0.4237,0.6782,
-0.8983,-0.4237,0.9685,
-0.8644,-0.4237,-0.1846,
-0.8305,-0.4237,0.3552,
-0.7966,-0.4237,0.3588,
-0.7627,-0.4237,0.4070,
-0.7288,-0.4237,0.4118,
-0.6949,-0.4237,-0.0371,
-0.6610,-0.4237,0.2745,
-0.6271,-0.4237,0.2313,
-0.5932,-0.4237,0.1250,
-0.5593,-0.4237,-0.2626,
-0.5254,-0.4237,0.3167,
-0.4915,-0.4237,-0.4747,
-0.4576,-0.4237,0.4226,
-0.4237,-0.4237,-0.0956,
-0.3898,-0.4237,0.0410,
-0.3559,-0.4237,-0.5693,
-0.3220,-0.4237,-0.2717,
-0.2881,-0.4237,0.1371,
-0.2542,-0.4237,0.0188,
-0.2203,-0.4237,-0.1273,
-0.1864,-0.4237,-0.4622,
-0.1525,-0.4237,-0.3503,
-0.1186,-0.4237,-0.0278,
-0.0847,-0.4237,0.0617,
-0.0508,-0.4237,-0.1823,
-0.0169,-0.4237,0.0572,
0.0169,-0.4237,0.0660,
0.0508,-0.4237,-0.2395,
0.0847,-0.4237,-0.1906,
0.1186,-0.4237,-0.4382,
0.1525,-0.4237,-0.0774,
0.1864,-0.4237,0.1726,
0.2203,-0.4237,0.1820,
0.2542,-0.4237,-0.4486,
0.2881,-0.4237,-0.1442,
0.3220,-0.4237,-0.0665,
0.3559,-0.4237,0.4791,
0.3898,-0.4237,-0.2801,
0.4237,-0.4237,-0.0486,
0.4576,-0.4237,-0.2986,
0.4915,-0.4237,0.1452,
0.5254,-0.4237,0.3155,
0.5593,-0.4237,-0.5625,
0.5932,-0.4237,0.4858,
0.6271,-0.4237,0.0236,
0.6610,-0.4237,0.0710,
0.6949,-0.4237,0.2224,
0.7288,-0.4237,0.4129,
0.7627,-0.4237,0.1786,
0.7966,-0.4237,0.9811,
0.8305,-0.4237,-0.0402,
0.8644,-0.4237,0.7247,
0.8983,-0.4237,0.8279,
0.9322,-0.4237,1.1746,
0.9661,-0.4237,0.7851,
1.0000,-0.4237,0.6484,
-1.0000,-0.3898,0.7669,
-0.9661,-0.3898,0.7505,
-0.9322,-0.3898,0.6483,
-0.8983,-0.3898,0.8895,
-0.8644,-0.3898,-0.3567,
-0.8305,-0.3898,0.5434,
-0.7966,-0.3898,0.2665,
-0.7627,-0.3898,0.0813,
-0.7288,-0.3898,0.1615,
-0.6949,-0.3898,0.4034,
-0.6610,-0.3898,0.5410,
-0.6271,-0.3898,-0.3127,
-0.5932,-0.3898,-0.1606,
-0.5593,-0.3898,-0.2719,
-0.5254,-0.3898,0.2354,
-0.4915,-0.3898,0.0366,
-0.4576,-0.3898,-0.1487,
-0.4237,-0.3898,0.0749,
-0.3898,-0.3898,-0.0649,
-0.3559,-0.3898,0.3173,
-0.3220,-0.3898,0.0483,
-0.2881,-0.3898,-0.1211,
-0.2542,-0.3898,-0.2597,
-0.2203,-0.3898,0.2201,
-0.1864,-0.3898,-0.3608,
-0.1525,-0.3898,0.1737,
-0.1186,-0.3898,-0.2050,
-0.0847,-0.3898,-0.1075,
-0.0508,-0.3898,-0.0914,
-0.0169,-0.3898,-0.0850,
0.0169,-0.3898,0.1218,
0.0508,-0.3898,-0.0460,
0.0847,-0.3898,0.1920,
0.1186,-0.3898,-0.1938,
0.1525,-0.3898,-0.1586,
0.1864,-0.3898,-0.8513,
0.2203,-0.3898,0.4908,
0.2542,-0.3898,-0.1888,
0.2881,-0.3898,-0.1521,
0.3220,-0.3898,-0.4080,
0.3559,-0.3898,0.0299,
0.3898,-0.3898,0.2508,
0.4237,-0.3898,-0.1645,
0.4576,-0.3898,-0.0596,
0.4915,-0.3898,0.0734,
0.5254,-0.3898,-0.1405,
0.5593,-0.3898,0.2489,
0.5932,-0.3898,0.3685,
0.6271,-0.3898,0.4986,
0.6610,-0.3898,-0.0507,
0.6949,-0.3898,0.2342,
0.7288,-0.3898,0.3524,
0.7627,-0.3898,0.6009,
0.7966,-0.3898,-0.0186,
0.8305,-0.3898,0.4160,
0.8644,-0.3898,1.0496,
0.8983,-0.3898,0.6874,
0.9322,-0.3898,0.8160,
0.9661,-0.3898,1.3419,
1.0000,-0.3898,0.7010,
-1.0000,-0.3559,0.7755,
-0.9661,-0.3559,0.2390,
-0.9322,-0.3559,0.5471,
-0.8983,-0.3559,0.6532,
-0.8644,-0.3559,0.0796,
-0.8305,-0.3559,0.3743,
-0.7966,-0.3559,0.8774,
-0.7627,-0.3559,0.4053,
-0.7288,-0.3559,0.0956,
-0.6949,-0.3559,0.4213,
-0.6610,-0.3559,0.0996,
-0.6271,-0.3559,0.0453,
-0.5932,-0.3559,0.5803,
-0.5593,-0.3559,0.0520,
-0.5254,-0.3559,-0.5693,
-0.4915,-0.3559,-0.0698,
-0.4576,-0.3559,0.0149,
-0.4237,-0.3559,-0.1558,
-0.3898,-0.3559,-0.4707,
-0.3559,-0.3559,0.5503,
-0.3220,-0.3559,0.2870,
-0.2881,-0.3559,0.5072,
-0.2542,-0.3559,-0.0954,
-0.2203,-0.3559,-0.3437,
-0.1864,-0.3559,0.0564,
-0.1525,-0.3559,-0.2678,
-0.1186,-0.3559,-0.6893,
-0.0847,-0.3559,0.2461,
-0.0508,-0.3559,0.2150,
-0.0169,-0.3559,0.0116,
0.0169,-0.3559,-0.1940,
0.0508,-0.3559,-0.8751,
0.0847,-0.3559,-0.3957,
0.1186,-0.3559,-0.0526,
0.1525,-0.3559,-0.1261,
0.1864,-0.3559,0.0946,
0.2203,-0.3559,-0.0122,
0.2542,-0.3559,-0.1451,
0.2881,-0.3559,-0.3396,
0.3220,-0.3559,0.4012,
0.3559,-0.3559,-0.3176,
0.3898,-0.3559,-0.1015,
0.4237,-0.3559,0.6624,
0.4576,-0.3559,0.5378,
0.4915,-0.3559,0.0374,
0.5254,-0.3559,0.2528,
0.5593,-0.3559,0.3984,
0.5932,-0.3559,-0.2560,
0.6271,-0.3559,-0.2842,
0.6610,-0.3559,0.5246,
0.6949,-0.3559,0.4205,
0.7288,-0.3559,0.1521,
0.7627,-0.3559,0.5264,
0.7966,-0.3559,0.4003,
0.8305,-0.3559,0.5687,
0.8644,-0.3559,0.5783,
0.8983,-0.3559,0.7106,
0.9322,-0.3559,0.8042,
0.9661,-0.3559,0.7984,
1.0000,-0.3559,1.3422,
-1.0000,-0.3220,0.3991,
-0.9661,-0.3220,0.4298,
-0.9322,-0.3220,0.7256,
-0.8983,-0.3220,0.7082,
-0.8644,-0.3220,0.6322,
-0.8305,-0.3220,0.7193,
-0.7966,-0.3220,0.8098,
-0.7627,-0.3220,0.1387,
-0.7288,-0.3220,0.3300,
-0.6949,-0.3220,0.3510,
-0.6610,-0.3220,0.3083,
-0.6271,-0.3220,0.4559,
-0.5932,-0.3220,0.7983,
-0.5593,-0.3220,-0.1135,
-0.5254,-0.3220,0.0601,
-0.4915,-0.3220,0.1344,
-0.4576,-0.3220,-0.3538,
-0.4237,-0.3220,0.5776,
-0.3898,-0.3220,0.3516,
-0.3559,-0.3220,0.1454,
-0.3220,-0.3220,0.3682,
-0.2881,-0.3220,-0.2830,
-0.2542,-0.3220,0.0425,
-0.2203,-0.3220,-0.3284,
-0.1864,-0.3220,0.1842,
-0.1525,-0.3220,0.0068,
-0.1186,-0.3220,-0.0849,
-0.0847,-0.3220,-0.0624,
-0.0508,-0.3220,-0.6834,
-0.0169,-0.3220,0.0332,
0.0169,-0.3220,-0.0286,
0.0508,-0.3220,-0.4303,
0.0847,-0.3220,0.5682,
0.1186,-0.3220,-0.0934,
0.1525,-0.3220,0.3484,
0.1864,-0.3220,0.1505,
0.2203,-0.3220,-0.1051,
0.2542,-0.3220,0.2963,
0.2881,-0.3220,0.1915,
0.3220,-0.3220,-0.1287,
0.3559,-0.3220,0.3761,
0.3898,-0.3220,0.1146,
0.4237,-0.3220,0.1769,
0.4576,-0.3220,0.3705,
0.4915,-0.3220,0.4485,
0.5254,-0.3220,-0.1487,
0.5593,-0.3220,0.1502,
0.5932,-0.3220,-0.1822,
0.6271,-0.3220,0.2925,
0.6610,-0.3220,0.1340,
0.6949,-0.3220,0.4484,
0.7288,-0.3220,-0.3188,
0.7627,-0.3220,0.5829,
0.7966,-0.3220,0.6975,
0.8305,-0.3220,0.5032,
0.8644,-0.3220,0.9846,
0.8983,-0.3220,0.7089,
0.9322,-0.3220,0.6467,
0.9661,-0.3220,0.7005,
1.0000,-0.3220,0.7636,
-1.0000,-0.2881,0.2888,
-0.9661,-0.2881,0.9255,
-0.9322,-0.2881,1.1918,
-0.8983,-0.2881,0.6797,
-0.8644,-0.2881,0.7464,
-0.8305,-0.2881,0.3950,
-0.7966,-0.2881,0.4247,
-0.7627,-0.2881,0.2349,
-0.7288,-0.2881,0.3327,
-0.6949,-0.2881,0.0245,
-0.6610,-0.2881,0.2065,
-0.6271,-0.2881,0.0781,
-0.5932,-0.2881,0.3492,
-0.5593,-0.2881,-0.0284,
-0.5254,-0.2881,-0.1468,
-0.4915,-0.2881,-0.0294,
-0.4576,-0.2881,0.2486,
-0.4237,-0.2881,-0.2167,
-0.3898,-0.2881,-0.1784,
-0.3559,-0.2881,0.3016,
-0.3220,-0.2881,0.0725,
-0.2881,-0.2881,-0.2002,
-0.2542,-0.2881,0.1172,
-0.2203,-0.2881,-0.4839,
-0.1864,-0.2881,0.3541,
-0.1525,-0.2881,-0.0127,
-0.1186,-0.2881,-0.2814,
-0.0847,-0.2881,0.1785,
-0.0508,-0.2881,-0.8993,
-0.0169,-0.2881,-0.3580,
0.0169,-0.2881,-0.0661,
0.0508,-0.2881,-0.2343,
0.0847,-0.2881,-0.1863,
0.1186,-0.2881,-0.4035,
0.1525,-0.2881,-0.0324,
0.1864,-0.2881,0.1672,
0.2203,-0.2881,-0.1457,
0.2542,-0.2881,-0.0704,
0.2881,-0.2881,0.1215,
0.3220,-0.2881,0.4565,
0.3559,-0.2881,0.0467,
0.3898,-0.2881,0.6537,
0.4237,-0.2881,0.3408,
0.4576,-0.2881,-0.0205,
0.4915,-0.2881,0.1681,
0.5254,-0.2881,0.5337,
0.5593,-0.2881,-0.0910,
0.5932,-0.2881,0.2514,
0.6271,-0.2881,0.4055,
0.6610,-0.2881,-0.0312,
0.6949,-0.2881,0.3228,
0.7288,-0.2881,0.0319,
0.7627,-0.2881,0.6981,
0.7966,-0.2881,0.4586,
0.8305,-0.2881,0.6760,
0.8644,-0.2881,0.8524,
0.8983,-0.2881,0.7784,
0.9322,-0.2881,0.9983,
0.9661,-0.2881,0.6807,
1.0000,-0.2881,1.0305,
-1.0000,-0.2542,0.4744,
-0.9661,-0.2542,0.8655,
-0.9322,-0.2542,0.8268,
-0.8983,-0.2542,0.6677,
-0.8644,-0.2542,0.5653,
-0.8305,-0.2542,0.3899,
-0.7966,-0.2542,0.6982,
-0.7627,-0.2542,0.3614,
-0.7288,-0.2542,0.4777,
-0.6949,-0.2542,-0.0469,
-0.6610,-0.2542,0.3376,
-0.6271,-0.2542,0.9787,
-0.5932,-0.2542,0.1718,
-0.5593,-0.2542,-0.0980,
-0.5254,-0.2542,-0.2306,
-0.4915,-0.2542,0.1387,
-0.4576,-0.2542,0.0213,
-0.4237,-0.2542,0.0398,
-0.3898,-0.2542,0.3339,
-0.3559,-0.2542,0.3332,
-0.3220,-0.2542,-0.3881,
-0.2881,-0.2542,0.2106,
-0.2542,-0.2542,-0.0804,
-0.2203,-0.2542,0.1710,
-0.1864,-0.2542,-0.0470,
-0.1525,-0.2542,0.0408,
-0.1186,-0.2542,-0.1355,
-0.0847,-0.2542,0.3292,
-0.0508,-0.2542,0.2812,
-0.0169,-0.2542,-0.2760,
0.0169,-0.2542,-0.3253,
0.0508,-0.2542,-0.6795,
0.0847,-0.2542,-0.0414,
0.1186,-0.2542,-0.3629,
0.1525,-0.2542,0.2093,
0.1864,-0.2542,0.3454,
0.2203,-0.2542,0.2439,
0.2542,-0.2542,-0.4737,
0.2881,-0.2542,0.0180,
0.3220,-0.2542,-0.1367,
0.3559,-0.2542,0.4290,
0.3898,-0.2542,0.0039,
0.4237,-0.2542,0.6813,
0.4576,-0.2542,0.0341,
0.4915,-0.2542,-0.0219,
0.5254,-0.2542,-0.0030,
0.5593,-0.2542,0.3307,
0.5932,-0.2542,0.0219,
0.6271,-0.2542,0.3143,
0.6610,-0.2542,0.0028,
0.6949,-0.2542,0.6130,
0.7288,-0.2542,0.9392,
0.7627,-0.2542,0.8833,
0.7966,-0.2542,0.5954,
0.8305,-0.2542,0.7527,
0.8644,-0.2542,1.0439,
0.8983,-0.2542,1.4316,
0.9322,-0.2542,0.9759,
0.9661,-0.2542,1.5816,
1.0000,-0.2542,0.8110,
-1.0000,-0.2203,0.6171,
-0.9661,-0.2203,0.4266,
-0.9322,-0.2203,0.4855,
-0.8983,-0.2203,0.5102,
-0.8644,-0.2203,0.5059,
-0.8305,-0.2203,0.2134,
-0.7966,-0.2203,1.0881,
-0.7627,-0.2203,0.3080,
-0.7288,-0.2203,0.2258,
-0.6949,-0.2203,0.2875,
-0.6610,-0.2203,0.1037,
-0.6271,-0.2203,0.1998,
-0.5932,-0.2203,0.4597,
-0.5593,-0.2203,-0.0031,
-0.5254,-0.2203,0.0476,
-0.4915,-0.2203,-0.3008,
-0.4576,-0.2203,0.1381,
-0.4237,-0.2203,0.0988,
-0.3898,-0.2203,-0.0622,
-0.3559,-0.2203,0.3515,
-0.3220,-0.2203,-0.1019,
-0.2881,-0.2203,0.0436,
-0.2542,-0.2203,-0.4952,
-0.2203,-0.2203,0.1954,
-0.1864,-0.2203,-0.3947,
-0.1525,-0.2203,-0.2181,
-0.1186,-0.2203,0.0054,
-0.0847,-0.2203,-0.0271,
-0.0508,-0.2203,0.3834,
-0.0169,-0.2203,-0.0683,
0.0169,-0.2203,0.1328,
0.0508,-0.2203,0.3653,
0.0847,-0.2203,0.2973,
0.1186,-0.2203,0.1385,
0.1525,-0.2203,-0.0256,
0.1864,-0.2203,-0.2550,
0.2203,-0.2203,-0.2975,
0.2542,-0.2203,0.0774,
0.2881,-0.2203,0.0442,
0.3220,-0.2203,0.7668,
0.3559,-0.2203,0.0763,
0.3898,-0.2203,0.4284,
0.4237,-0.2203,-0.2834,
0.4576,-0.2203,-0.0157,
0.4915,-0.2203,0.6384,
0.5254,-0.2203,-0.0171,
0.5593,-0.2203,-0.0293,
0.5932,-0.2203,0.2775,
0.6271,-0.2203,0.4077,
0.6610,-0.2203,0.8962,
0.6949,-0.2203,-0.0439,
0.7288,-0.2203,0.7400,
0.7627,-0.2203,0.2405,
0.7966,-0.2203,1.2304,
0.8305,-0.2203,0.3066,
0.8644,-0.2203,0.5327,
0.8983,-0.2203,0.8245,
0.9322,-0.2203,0.8952,
0.9661,-0.2203,1.1758,
1.0000,-0.2203,0.9717,
-1.0000,-0.1864,0.3429,
-0.9661,-0.1864,1.0224,
-0.9322,-0.1864,0.2231,
-0.8983,-0.1864,0.7729,
-0.8644,-0.1864,0.0921,
-0.8305,-0.1864,0.5244,
-0.7966,-0.1864,1.0869,
-0.7627,-0.1864,0.5407,
-0.7288,-0.1864,0.4716,
-0.6949,-0.1864,0.3430,
-0.6610,-0.1864,0.5429,
-0.6271,-0.1864,0.1802,
-0.5932,-0.1864,0.5241,
-0.5593,-0.1864,0.3059,
-0.5254,-0.1864,-0.0699,
-0.4915,-0.1864,0.3202,
-0.4576,-0.1864,0.1479,
-0.4237,-0.1864,0.2848,
-0.3898,-0.1864,0.1730,
-0.3559,-0.1864,-0.1545,
-0.3220,-0.1864,0.3340,
-0.2881,-0.1864,0.1283,
-0.2542,-0.1864,0.2417,
-0.2203,-0.1864,0.1094,
-0.1864,-0.1864,-0.0437,
-0.1525,-0.1864,-0.1102,
-0.1186,-0.1864,-0.2813,
-0.0847,-0.1864,0.3139,
-0.0508,-0.1864,-0.0816,
-0.0169,-0.1864,-0.3949,
0.0169,-0.1864,-0.5032,
0.0508,-0.1864,-0.0848,
0.0847,-0.1864,0.5087,
0.1186,-0.1864,0.2114,
0.1525,-0.1864,-0.2658,
0.1864,-0.1864,-0.0897,
0.2203,-0.1864,0.0177,
0.2542,-0.1864,-0.0024,
0.2881,-0.1864,-0.1390,
0.3220,-0.1864,-0.1077,
0.3559,-0.1864,-0.3174,
0.3898,-0.1864,0.5271,
0.4237,-0.1864,0.0906,
0.4576,-0.1864,-0.2729,
0.4915,-0.1864,0.1614,
0.5254,-0.1864,0.1226,
0.5593,-0.1864,0.0159,
0.5932,-0.1864,-0.1029,
0.6271,-0.1864,0.8993,
0.6610,-0.1864,0.6448,
0.6949,-0.1864,0.4088,
0.7288,-0.1864,0.9274,
0.7627,-0.1864,0.4516,
0.7966,-0.1864,0.5431,
0.8305,-0.1864,0.8504,
0.8644,-0.1864,0.8753,
0.8983,-0.1864,0.7574,
0.9322,-0.1864,1.3797,
0.9661,-0.1864,1.0722,
1.0000,-0.1864,1.4247,
-1.0000,-0.1525,0.7770,
-0.9661,-0.1525,0.5063,
-0.9322,-0.1525,0.7932,
-0.8983,-0.1525,0.5751,
-0.8644,-0.1525,0.3867,
-0.8305,-0.1525,1.3090,
-0.7966,-0.1525,0.3160,
-0.7627,-0.1525,0.4016,
-0.7288,-0.1525,0.3902,
-0.6949,-0.1525,0.2739,
-0.6610,-0.1525,0.7492,
-0.6271,-0.1525,0.0622,
-0.5932,-0.1525,0.3865,
-0.5593,-0.1525,0.0746,
-0.5254,-0.1525,0.5064,
-0.4915,-0.1525,-0.0416,
-0.4576,-0.1525,0.5320,
-0.4237,-0.1525,0.0188,
-0.3898,-0.1525,0.5244,
-0.3559,-0.1525,0.2236,
-0.3220,-0.1525,-0.3922,
-0.2881,-0.1525,-0.0538,
-0.2542,-0.1525,-0.0535,
-0.2203,-0.1525,0.1548,
-0.1864,-0.1525,0.0252,
-0.1525,-0.1525,0.4031,
-0.1186,-0.1525,0.2884,
-0.0847,-0.1525,-0.0760,
-0.0508,-0.1525,0.1709,
-0.0169,-0.1525,0.2283,
0.0169,-0.1525,-0.1495,
0.0508,-0.1525,-0.0702,
0.0847,-0.1525,-0.4197,
0.1186,-0.1525,0.0623,
0.1525,-0.1525,-0.0023,
0.1864,-0.1525,0.0188,
0.2203,-0.1525,0.3053,
0.2542,-0.1525,0.1062,
0.2881,-0.1525,0.1404,
0.3220,-0.1525,0.0113,
0.3559,-0.1525,-0.1770,
0.3898,-0.1525,0.5095,
0.4237,-0.1525,0.0322,
0.4576,-0.1525,0.3871,
0.4915,-0.1525,0.6721,
0.5254,-0.1525,0.9663,
0.5593,-0.1525,0.1906,
0.5932,-0.1525,0.8336,
0.6271,-0.1525,0.4896,
0.6610,-0.1525,0.5104,
0.6949,-0.1525,0.4614,
0.7288,-0.1525,0.3431,
0.7627,-0.1525,0.6316,
0.7966,-0.1525,0.4734,
0.8305,-0.1525,1.0025,
0.8644,-0.1525,0.9184,
0.8983,-0.1525,1.1211,
0.9322,-0.1525,0.8785,
0.9661,-0.1525,1.2654,
1.0000,-0.1525,1.3289,
-1.0000,-0.1186,0.9779,
-0.9661,-0.1186,0.8009,
-0.9322,-0.1186,0.6523,
-0.8983,-0.1186,0.1959,
-0.8644,-0.1186,0.6244,
-0.8305,-0.1186,0.4194,
-0.7966,-0.1186,0.7635,
-0.7627,-0.1186,0.5080,
-0.7288,-0.1186,0.4879,
-0.6949,-0.1186,0.5595,
-0.6610,-0.1186,0.4094,
-0.6271,-0.1186,1.0388,
-0.5932,-0.1186,0.0238,
-0.5593,-0.1186,0.5151,
-0.5254,-0.1186,0.5036,
-0.4915,-0.1186,0.2905,
-0.4576,-0.1186,0.3885,
-0.4237,-0.1186,0.2361,
-0.3898,-0.1186,0.1633,
-0.3559,-0.1186,0.3754,
-0.3220,-0.1186,-0.2703,
-0.2881,-0.1186,-0.5922,
-0.2542,-0.1186,0.2502,
-0.2203,-0.1186,-0.5569,
-0.1864,-0.1186,-0.2974,
-0.1525,-0.1186,-0.1458,
-0.1186,-0.1186,-0.1025,
-0.0847,-0.1186,0.0511,
-0.0508,-0.1186,-0.4829,
-0.0169,-0.1186,0.3147,
0.0169,-0.1186,0.6251,
0.0508,-0.1186,-0.2148,
0.0847,-0.1186,0.0119,
0.1186,-0.1186,-0.1053,
0.1525,-0.1186,0.0077,
0.1864,-0.1186,-0.5045,
0.2203,-0.1186,-0.0907,
0.2542,-0.1186,-0.1781,
0.2881,-0.1186,0.1698,
0.3220,-0.1186,0.3012,
0.3559,-0.1186,-0.2835,
0.3898,-0.1186,-0.2173,
0.4237,-0.1186,-0.2657,
0.4576,-0.1186,0.7566,
0.4915,-0.1186,0.6874,
0.5254,-0.1186,0.2102,
0.5593,-0.1186,0.3197,
0.5932,-0.1186,0.0867,
0.6271,-0.1186,0.0919,
0.6610,-0.1186,-0.0878,
0.6949,-0.1186,0.9726,
0.7288,-0.1186,0.5740,
0.7627,-0.1186,0.6513,
0.7966,-0.1186,0.5758,
0.8305,-0.1186,0.6424,
0.8644,-0.1186,0.9330,
0.8983,-0.1186,0.6972,
0.9322,-0.1186,0.7228,
0.9661,-0.1186,1.1068,
1.0000,-0.1186,1.3407,
-1.0000,-0.0847,0.8430,
-0.9661,-0.0847,0.7786,
-0.9322,-0.0847,1.0777,
-0.8983,-0.0847,0.5147,
-0.8644,-0.0847,0.6095,
-0.8305,-0.0847,0.6272,
-0.7966,-0.0847,1.0664,
-0.7627,-0.0847,0.6927,
-0.7288,-0.0847,-0.2445,
-0.6949,-0.0847,0.7013,
-0.6610,-0.0847,0.6739,
-0.6271,-0.0847,0.1507,
-0.5932,-0.0847,0.0837,
-0.5593,-0.0847,-0.1108,
-0.5254,-0.0847,0.2202,
-0.4915,-0.0847,0.3392,
-0.4576,-0.0847,0.4313,
-0.4237,-0.0847,0.1211,
-0.3898,-0.0847,0.5328,
-0.3559,-0.0847,0.0795,
-0.3220,-0.0847,0.1878,
-0.2881,-0.0847,-0.1315,
-0.2542,-0.0847,-0.0721,
-0.2203,-0.0847,0.0091,
-0.1864,-0.0847,-0.3882,
-0.1525,-0.0847,0.4578,
-0.1186,-0.0847,0.0764,
-0.0847,-0.0847,-0.1122,
-0.0508,-0.0847,-0.1836,
-0.0169,-0.0847,0.3671,
0.0169,-0.0847,0.5698,
0.0508,-0.0847,-0.1412,
0.0847,-0.0847,-0.0043,
0.1186,-0.0847,0.0592,
0.1525,-0.0847,0.2239,
0.1864,-0.0847,-0.0446,
0.2203,-0.0847,0.1239,
0.2542,-0.0847,0.3971,
0.2881,-0.0847,0.5467,
0.3220,-0.0847,-0.1364,
0.3559,-0.0847,0.1159,
0.3898,-0.0847,0.0717,
0.4237,-0.0847,0.0973,
0.4576,-0.0847,-0.1054,
0.4915,-0.0847,0.4247,
0.5254,-0.0847,-0.1161,
0.5593,-0.0847,-0.0823,
0.5932,-0.0847,-0.1575,
0.6271,-0.0847,0.2197,
0.6610,-0.0847,0.2621,
0.6949,-0.0847,0.2065,
0.7288,-0.0847,0.5492,
0.7627,-0.0847,0.9474,
0.7966,-0.0847,1.0565,
0.8305,-0.0847,1.0192,
0.8644,-0.0847,0.6784,
0.8983,-0.0847,0.6811,
0.9322,-0.0847,0.4599,
0.9661,-0.0847,1.1116,
1.0000,-0.0847,0.9078,
-1.0000,-0.0508,1.0887,
-0.9661,-0.0508,0.7520,
-0.9322,-0.0508,1.1977,
-0.8983,-0.0508,0.0722,
-0.8644,-0.0508,0.6063,
-0.8305,-0.0508,0.6942,
-0.7966,-0.0508,0.5189,
-0.7627,-0.0508,0.5329,
-0.7288,-0.0508,0.5929,
-0.6949,-0.0508,0.0853,
-0.6610,-0.0508,0.3343,
-0.6271,-0.0508,0.5257,
-0.5932,-0.0508,-0.0758,
-0.5593,-0.0508,-0.1255,
-0.5254,-0.0508,0.1776,
-0.4915,-0.0508,0.2021,
-0.4576,-0.0508,0.4708,
-0.4237,-0.0508,0.0535,
-0.3898,-0.0508,0.3211,
-0.3559,-0.0508,0.0467,
-0.3220,-0.0508,0.2644,
-0.2881,-0.0508,0.3008,
-0.2542,-0.0508,-0.0795,
-0.2203,-0.0508,0.5210,
-0.1864,-0.0508,0.1690,
-0.1525,-0.0508,-0.1140,
-0.1186,-0.0508,0.1720,
-0.0847,-0.0508,0.1937,
-0.0508,-0.0508,-0.0333,
-0.0169,-0.0508,-0.0201,
0.0169,-0.0508,0.2411,
0.0508,-0.0508,-0.0959,
0.0847,-0.0508,0.2199,
0.1186,-0.0508,0.0827,
0.1525,-0.0508,0.1922,
0.1864,-0.0508,0.6333,
0.2203,-0.0508,0.2143,
0.2542,-0.0508,0.1066,
0.2881,-0.0508,-0.1825,
0.3220,-0.0508,0.1929,
0.3559,-0.0508,0.1462,
0.3898,-0.0508,-0.0444,
0.4237,-0.0508,0.2823,
0.4576,-0.0508,0.3911,
0.4915,-0.0508,0.1911,
0.5254,-0.0508,0.6448,
0.5593,-0.0508,0.4619,
0.5932,-0.0508,0.9556,
0.6271,-0.0508,0.5367,
0.6610,-0.0508,0.4215,
0.6949,-0.0508,0.8401,
0.7288,-0.0508,0.6678,
0.7627,-0.0508,0.6603,
0.7966,-0.0508,0.4196,
0.8305,-0.0508,0.4496,
0.8644,-0.0508,0.7940,
0.8983,-0.0508,0.9801,
0.9322,-0.0508,0.4666,
0.9661,-0.0508,0.7357,
1.0000,-0.0508,0.8928,
-1.0000,-0.0169,0.5947,
-0.9661,-0.0169,0.3587,
-0.9322,-0.0169,0.3740,
-0.8983,-0.0169,0.8433,
-0.8644,-0.0169,0.8256,
-0.8305,-0.0169,0.5268,
-0.7966,-0.0169,0.1461,
-0.7627,-0.0169,0.0959,
-0.7288,-0.0169,0.7022,
-0.6949,-0.0169,0.4859,
-0.6610,-0.0169,0.5589,
-0.6271,-0.0169,-0.1703,
-0.5932,-0.0169,0.7393,
-0.5593,-0.0169,0.5615,
-0.5254,-0.0169,0.3026,
-0.4915,-0.0169,0.8892,
-0.4576,-0.0169,-0.3058,
-0.4237,-0.0169,0.2124,
-0.3898,-0.0169,0.2503,
-0.3559,-0.0169,-0.0713,
-0.3220,-0.0169,-0.0242,
-0.2881,-0.0169,-0.1742,
-0.2542,-0.0169,0.0983,
-0.2203,-0.0169,0.5094,
-0.1864,-0.0169,-0.4574,
-0.1525,-0.0169,0.0896,
-0.1186,-0.0169,0.2207,
-0.0847,-0.0169,0.2742,
-0.0508,-0.0169,-0.5275,
-0.0169,-0.0169,-0.3409,
0.0169,-0.0169,0.0961,
0.0508,-0.0169,-0.2567,
0.0847,-0.0169,0.2700,
0.1186,-0.0169,0.3778,
0.1525,-0.0169,0.6419,
0.1864,-0.0169,-0.3745,
0.2203,-0.0169,0.0914,
0.2542,-0.0169,0.4998,
0.2881,-0.0169,-0.2957,
0.3220,-0.0169,-0.1463,
0.3559,-0.0169,0.6505,
0.3898,-0.0169,-0.0600,
0.4237,-0.0169,0.0242,
0.4576,-0.0169,0.0731,
0.4915,-0.0169,0.6143,
0.5254,-0.0169,0.2180,
0.5593,-0.0169,0.5012,
0.5932,-0.0169,0.2429,
0.6271,-0.0169,1.2794,
0.6610,-0.0169,0.9013,
0.6949,-0.0169,0.3579,
0.7288,-0.0169,0.8697,
0.7627,-0.0169,0.4423,
0.7966,-0.0169,0.6826,
0.8305,-0.0169,0.6508,
0.8644,-0.0169,0.5792,
0.8983,-0.0169,0.4693,
0.9322,-0.0169,0.9724,
0.9661,-0.0169,0.4583,
1.0000,-0.0169,0.5726,
-1.0000,0.0169,0.9355,
-0.9661,0.0169,1.1257,
-0.9322,0.0169,0.5228,
-0.8983,0.0169,0.9559,
-0.8644,0.0169,0.6472,
-0.8305,0.0169,0.7762,
-0.7966,0.0169,0.4359,
-0.7627,0.0169,0.1851,
-0.7288,0.0169,0.4919,
-0.6949,0.0169,0.2733,
-0.6610,0.0169,1.4609,
-0.6271,0.0169,0.1923,
-0.5932,0.0169,0.1494,
-0.5593,0.0169,0.0362,
-0.5254,0.0169,-0.1404,
-0.4915,0.0169,0.0523,
-0.4576,0.0169,0.2637,
-0.4237,0.0169,0.8247,
-0.3898,0.0169,-0.0869,
-0.3559,0.0169,0.1902,
-0.3220,0.0169,0.6270,
-0.2881,0.0169,0.1191,
-0.2542,0.0169,0.0894,
-0.2203,0.0169,-0.0082,
-0.1864,0.0169,-0.1896,
-0.1525,0.0169,-0.4285,
-0.1186,0.0169,-0.3040,
-0.0847,0.0169,0.0742,
-0.0508,0.0169,-0.3265,
-0.0169,0.0169,0.0765,
0.0169,0.0169,0.0206,
0.0508,0.0169,-0.0726,
0.0847,0.0169,-0.0520,
0.1186,0.0169,0.0430,
0.1525,0.0169,0.2882,
0.1864,0.0169,-0.3030,
0.2203,0.0169,-0.2619,
0.2542,0.0169,-0.0428,
0.2881,0.0169,-0.0072,
0.3220,0.0169,-0.2315,
0.3559,0.0169,0.3896,
0.3898,0.0169,0.2985,
0.4237,0.0169,0.3167,
0.4576,0.0169,0.4060,
0.4915,0.0169,0.3182,
0.5254,0.0169,0.1402,
0.5593,0.0169,0.0923,
0.5932,0.0169,0.2611,
0.6271,0.0169,0.3523,
0.6610,0.0169,0.5311,
0.6949,0.0169,0.8643,
0.7288,0.0169,1.0649,
0.7627,0.0169,0.4343,
0.7966,0.0169,0.6896,
0.8305,0.0169,0.5281,
0.8644,0.0169,0.6462,
0.8983,0.0169,1.6280,
0.9322,0.0169,0.9081,
0.9661,0.0169,0.9757,
1.0000,0.0169,1.1705,
-1.0000,0.0508,0.5280,
-0.9661,0.0508,0.9914,
-0.9322,0.0508,1.2763,
-0.8983,0.0508,0.4182,
-0.8644,0.0508,1.2113,
-0.8305,0.0508,0.2832,
-0.7966,0.0508,0.5017,
-0.7627,0.0508,0.4857,
-0.7288,0.0508,0.6188,
-0.6949,0.0508,0.5720,
-0.6610,0.0508,0.7446,
-0.6271,0.0508,0.3222,
-0.5932,0.0508,1.0981,
-0.5593,0.0508,0.6742,
-0.5254,0.0508,0.8067,
-0.4915,0.0508,0.6726,
-0.4576,0.0508,0.3263,
-0.4237,0.0508,0.2288,
-0.3898,0.0508,-0.3573,
-0.3559,0.0508,0.5696,
-0.3220,0.0508,-0.0629,
-0.2881,0.0508,0.2835,
-0.2542,0.0508,0.1358,
-0.2203,0.0508,-0.2847,
-0.1864,0.0508,-0.1835,
-0.1525,0.0508,-0.0694,
-0.1186,0.0508,0.0268,
-0.0847,0.0508,-0.2584,
-0.0508,0.0508,0.3846,
-0.0169,0.0508,0.4221,
0.0169,0.0508,-0.2973,
0.0508,0.0508,0.0735,
0.0847,0.0508,0.2522,
0.1186,0.0508,0.4220,
0.1525,0.0508,-0.4786,
0.1864,0.0508,0.2721,
0.2203,0.0508,0.3918,
0.2542,0.0508,0.5289,
0.2881,0.0508,-0.7269,
0.3220,0.0508,-0.2303,
0.3559,0.0508,0.1531,
0.3898,0.0508,0.4894,
0.4237,0.0508,0.6168,
0.4576,0.0508,0.2572,
0.4915,0.0508,0.1601,
0.5254,0.0508,0.3769,
0.5593,0.0508,-0.1227,
0.5932,0.0508,0.2409,
0.6271,0.0508,0.5396,
0.6610,0.0508,0.4736,
0.6949,0.0508,0.3816,
0.7288,0.0508,0.3526,
0.7627,0.0508,0.4622,
0.7966,0.0508,0.5458,
0.8305,0.0508,0.1249,
0.8644,0.0508,0.3545,
0.8983,0.0508,0.5385,
0.9322,0.0508,0.6323,
0.9661,0.0508,0.4910,
1.0000,0.0508,0.9379,
-1.0000,0.0847,0.4425,
-0.9661,0.0847,1.0387,
-0.9322,0.0847,0.9305,
-0.8983,0.0847,0.3783,
-0.8644,0.0847,0.6090,
-0.8305,0.0847,0.4178,
-0.7966,0.0847,0.8716,
-0.7627,0.0847,0.3429,
-0.7288,0.0847,0.5463,
-0.6949,0.0847,0.9936,
-0.6610,0.0847,0.2987,
-0.6271,0.0847,0.0818,
-0.5932,0.0847,0.0550,
-0.5593,0.0847,-0.1230,
-0.5254,0.0847,0.1455,
-0.4915,0.0847,-0.0940,
-0.4576,0.0847,-0.1201,
-0.4237,0.0847,0.3314,
-0.3898,0.0847,0.3745,
-0.3559,0.0847,0.2960,
-0.3220,0.0847,0.2979,
-0.2881,0.0847,0.2759,
-0.2542,0.0847,0.1113,
-0.2203,0.0847,-0.4022,
-0.1864,0.0847,0.2601,
-0.1525,0.0847,0.2803,
-0.1186,0.0847,-0.3294,
-0.0847,0.0847,-0.0145,
-0.0508,0.0847,0.2842,
-0.0169,0.0847,-0.3317,
0.0169,0.0847,0.3116,
0.0508,0.0847,-0.4275,
0.0847,0.0847,-0.6314,
0.1186,0.0847,0.5707,
0.1525,0.0847,-0.4448,
0.1864,0.0847,0.0582,
0.2203,0.0847,-0.1930,
0.2542,0.0847,0.1414,
0.2881,0.0847,-0.3274,
0.3220,0.0847,0.3359,
0.3559,0.0847,0.6146,
0.3898,0.0847,-0.3015,
0.4237,0.0847,0.0932,
0.4576,0.0847,0.0075,
0.4915,0.0847,0.0406,
0.5254,0.0847,0.7350,
0.5593,0.0847,0.2742,
0.5932,0.0847,1.1615,
0.6271,0.0847,0.2205,
0.6610,0.0847,0.5620,
0.6949,0.0847,0.7054,
0.7288,0.0847,0.3608,
0.7627,0.0847,0.7442,
0.7966,0.0847,0.5268,
0.8305,0.0847,1.1165,
0.8644,0.0847,0.4859,
0.8983,0.0847,0.5575,
0.9322,0.0847,1.7104,
0.9661,0.0847,1.1352,
1.0000,0.0847,1.7673,
-1.0000,0.1186,0.6216,
-0.9661,0.1186,1.1692,
-0.9322,0.1186,0.7113,
-0.8983,0.1186,0.1754,
-0.8644,0.1186,0.6906,
-0.8305,0.1186,0.2361,
-0.7966,0.1186,0.7147,
-0.7627,0.1186,0.7078,
-0.7288,0.1186,0.5139,
-0.6949,0.1186,0.2936,
-0.6610,0.1186,-0.1812,
-0.6271,0.1186,0.4455,
-0.5932,0.1186,0.2475,
-0.5593,0.1186,-0.1542,
-0.5254,0.1186,0.2145,
-0.4915,0.1186,-0.2189,
-0.4576,0.1186,0.3585,
-0.4237,0.1186,-0.0940,
-0.3898,0.1186,0.2304,
-0.3559,0.1186,0.2974,
-0.3220,0.1186,-0.0355,
-0.2881,0.1186,-0.0456,
-0.2542,0.1186,-0.1943,
-0.2203,0.1186,-0.0098,
-0.1864,0.1186,-0.2608,
-0.1525,0.1186,-0.6693,
-0.1186,0.1186,0.0189,
-0.0847,0.1186,-0.1351,
-0.0508,0.1186,-0.0127,
-0.0169,0.1186,-0.3491,
0.0169,0.1186,0.0738,
0.0508,0.1186,-0.1684,
0.0847,0.1186,-0.2376,
0.1186,0.1186,-0.1692,
0.1525,0.1186,-0.3060,
0.1864,0.1186,-0.0044,
0.2203,0.1186,0.3070,
0.2542,0.1186,-0.2153,
0.2881,0.1186,-0.2057,
0.3220,0.1186,-0.0594,
0.3559,0.1186,-0.2430,
0.3898,0.1186,-0.1077,
0.4237,0.1186,0.0150,
0.4576,0.1186,0.0991,
0.4915,0.1186,0.4462,
0.5254,0.1186,-0.2387,
0.5593,0.1186,0.5136,
0.5932,0.1186,0.2525,
0.6271,0.1186,0.4406,
0.6610,0.1186,0.9049,
0.6949,0.1186,0.7717,
0.7288,0.1186,0.4116,
0.7627,0.1186,0.6535,
0.7966,0.1186,0.3100,
0.8305,0.1186,0.9851,
0.8644,0.1186,0.6743,
0.8983,0.1186,1.1099,
0.9322,0.1186,0.7615,
0.9661,0.1186,1.2359,
1.0000,0.1186,1.5951,
-1.0000,0.1525,1.2742,
-0.9661,0.1525,0.5919,
-0.9322,0.1525,0.9095,
-0.8983,0.1525,0.0813,
-0.8644,0.1525,1.0659,
-0.8305,0.1525,0.5346,
-0.7966,0.1525,0.4049,
-0.7627,0.1525,0.1492,
-0.7288,0.1525,0.3725,
-0.6949,0.1525,0.7011,
-0.6610,0.1525,0.1576,
-0.6271,0.1525,-0.0962,
-0.5932,0.1525,0.3139,
-0.5593,0.1525,0.5717,
-0.5254,0.1525,0.4494,
-0.4915,0.1525,0.0104,
-0.4576,0.1525,0.7278,
-0.4237,0.1525,0.2602,
-0.3898,0.1525,1.0560,
-0.3559,0.1525,0.0245,
-0.3220,0.1525,-0.0867,
-0.2881,0.1525,0.3175,
-0.2542,0.1525,-0.2024,
-0.2203,0.1525,-0.0071,
-0.1864,0.1525,-0.1516,
-0.1525,0.1525,-0.4394,
-0.1186,0.1525,0.4665,
-0.0847,0.1525,-0.4405,
-0.0508,0.1525,0.0279,
-0.0169,0.1525,-0.5427,
0.0169,0.1525,-0.1771,
0.0508,0.1525,0.0827,
0.0847,0.1525,-0.3629,
0.1186,0.1525,0.3338,
0.1525,0.1525,0.0907,
0.1864,0.1525,0.2809,
0.2203,0.1525,0.0918,
0.2542,0.1525,0.0165,
0.2881,0.1525,-0.3681,
0.3220,0.1525,0.2098,
0.3559,0.1525,0.2800,
0.3898,0.1525,0.5192,
0.4237,0.1525,0.1600,
0.4576,0.1525,0.6449,
0.4915,0.1525,-0.0926,
0.5254,0.1525,0.6832,
0.5593,0.1525,0.2976,
0.5932,0.1525,0.2042,
0.6271,0.1525,0.3434,
0.6610,0.1525,0.3381,
0.6949,0.1525,0.9310,
0.7288,0.1525,1.0279,
0.7627,0.1525,0.6392,
0.7966,0.1525,0.6855,
0.8305,0.1525,0.2011,
0.8644,0.1525,0.9770,
0.8983,0.1525,0.6740,
0.9322,0.1525,1.4614,
0.9661,0.1525,0.2604,
1.0000,0.1525,1.1312,
-1.0000,0.1864,0.7816,
-0.9661,0.1864,0.5392,
-0.9322,0.1864,0.8479,
-0.8983,0.1864,0.7220,
-0.8644,0.1864,0.2985,
-0.8305,0.1864,0.5111,
-0.7966,0.1864,0.3284,
-0.7627,0.1864,0.2993,
-0.7288,0.1864,0.0302,
-0.6949,0.1864,0.5673,
-0.6610,0.1864,0.6582,
-0.6271,0.1864,0.5133,
-0.5932,0.1864,-0.2998,
-0.5593,0.1864,0.1792,
-0.5254,0.1864,0.3782,
-0.4915,0.1864,0.0714,
-0.4576,0.1864,0.0993,
-0.4237,0.1864,0.2886,
-0.3898,0.1864,0.5555,
-0.3559,0.1864,-0.0373,
-0.3220,0.1864,0.5679,
-0.2881,0.1864,0.4009,
-0.2542,0.1864,0.4522,
-0.2203,0.1864,-0.4449,
-0.1864,0.1864,-0.1011,
-0.1525,0.1864,-0.2843,
-0.1186,0.1864,0.1280,
-0.0847,0.1864,0.0411,
-0.0508,0.1864,-0.0178,
-0.0169,0.1864,0.1452,
0.0169,0.1864,-0.6262,
0.0508,0.1864,-0.1363,
0.0847,0.1864,-0.1863,
0.1186,0.1864,-0.0806,
0.1525,0.1864,-0.2759,
0.1864,0.1864,0.2186,
0.2203,0.1864,-0.2463,
0.2542,0.1864,-0.1152,
0.2881,0.1864,0.2829,
0.3220,0.1864,-0.3046,
0.3559,0.1864,0.4913,
0.3898,0.1864,0.1441,
0.4237,0.1864,0.6773,
0.4576,0.1864,0.1051,
0.4915,0.1864,0.4959,
0.5254,0.1864,0.7497,
0.5593,0.1864,0.9144,
0.5932,0.1864,0.5838,
0.6271,0.1864,0.2851,
0.6610,0.1864,0.2195,
0.6949,0.1864,0.2335,
0.7288,0.1864,0.5710,
0.7627,0.1864,0.1366,
0.7966,0.1864,0.4853,
0.8305,0.1864,0.3766,
0.8644,0.1864,0.7879,
0.8983,0.1864,0.3272,
0.9322,0.1864,1.2555,
0.9661,0.1864,1.0014,
1.0000,0.1864,1.1612,
-1.0000,0.2203,1.1759,
-0.9661,0.2203,0.9418,
-0.9322,0.2203,0.9076,
-0.8983,0.2203,0.6886,
-0.8644,0.2203,1.2366,
-0.8305,0.2203,0.3737,
-0.7966,0.2203,0.8474,
-0.7627,0.2203,0.3485,
-0.7288,0.2203,0.1675,
-0.6949,0.2203,0.1900,
-0.6610,0.2203,0.2417,
-0.6271,0.2203,0.2522,
-0.5932,0.2203,0.3747,
-0.5593,0.2203,0.4654,
-0.5254,0.2203,-0.0581,
-0.4915,0.2203,-0.1908,
-0.4576,0.2203,0.0126,
-0.4237,0.2203,-0.2766,
-0.3898,0.2203,0.0785,
-0.3559,0.2203,0.5462,
-0.3220,0.2203,0.1304,
-0.2881,0.2203,0.0115,
-0.2542,0.2203,-0.1292,
-0.2203,0.2203,-0.1811,
-0.1864,0.2203,-0.0634,
-0.1525,0.2203,-0.1810,
-0.1186,0.2203,-0.4622,
-0.0847,0.2203,-0.2093,
-0.0508,0.2203,-0.0161,
-0.0169,0.2203,-0.2575,
0.0169,0.2203,0.3239,
0.0508,0.2203,-0.2897,
0.0847,0.2203,0.3188,
0.1186,0.2203,-0.1156,
0.1525,0.2203,-0.1980,
0.1864,0.2203,-0.0819,
0.2203,0.2203,-0.1197,
0.2542,0.2203,-0.2937,
0.2881,0.2203,0.1791,
0.3220,0.2203,-0.1320,
0.3559,0.2203,-0.0909,
0.3898,0.2203,-0.6018,
0.4237,0.2203,0.2569,
0.4576,0.2203,0.2728,
0.4915,0.2203,0.0808,
0.5254,0.2203,0.3249,
0.5593,0.2203,0.2962,
0.5932,0.2203,0.0499,
0.6271,0.2203,0.1226,
0.6610,0.2203,0.3188,
0.6949,0.2203,0.4801,
0.7288,0.2203,0.2819,
0.7627,0.2203,1.0447,
0.7966,0.2203,1.0982,
0.8305,0.2203,0.5709,
0.8644,0.2203,0.1120,
0.8983,0.2203,1.3137,
0.9322,0.2203,1.1601,
0.9661,0.2203,0.2539,
1.0000,0.2203,0.7945,
-1.0000,0.2542,0.8570,
-0.9661,0.2542,1.0018,
-0.9322,0.2542,0.5209,
-0.8983,0.2542,0.9503,
-0.8644,0.2542,1.0966,
-0.8305,0.2542,0.3315,
-0.7966,0.2542,1.0727,
-0.7627,0.2542,0.9375,
-0.7288,0.2542,0.1144,
-0.6949,0.2542,0.5843,
-0.6610,0.2542,0.5097,
-0.6271,0.2542,0.1394,
-0.5932,0.2542,-0.5633,
-0.5593,0.2542,0.2607,
-0.5254,0.2542,0.1061,
-0.4915,0.2542,-0.3500,
-0.4576,0.2542,-0.1551,
-0.4237,0.2542,0.2826,
-0.3898,0.2542,0.2774,
-0.3559,0.2542,-0.3899,
-0.3220,0.2542,-0.2707,
-0.2881,0.2542,-0.1871,
-0.2542,0.2542,0.1408,
-0.2203,0.2542,-0.1239,
-0.1864,0.2542,0.0044,
-0.1525,0.2542,0.5091,
-0.1186,0.2542,0.0104,
-0.0847,0.2542,-0.9548,
-0.0508,0.2542,-0.3151,
-0.0169,0.2542,-0.0669,
0.0169,0.2542,-0.0273,
0.0508,0.2542,0.2011,
0.0847,0.2542,-0.2235,
0.1186,0.2542,-0.2808,
0.1525,0.2542,0.1001,
0.1864,0.2542,-0.3285,
0.2203,0.2542,-0.0515,
0.2542,0.2542,-0.1595,
0.2881,0.2542,-0.0394,
0.3220,0.2542,0.0807,
0.3559,0.2542,0.2099,
0.3898,0.2542,-0.0274,
0.4237,0.2542,0.6083,
0.4576,0.2542,-0.0239,
0.4915,0.2542,0.5046,
0.5254,0.2542,0.3225,
0.5593,0.2542,-0.1418,
0.5932,0.2542,0.1857,
0.6271,0.2542,0.2317,
0.6610,0.2542,0.3417,
0.6949,0.2542,0.7896,
0.7288,0.2542,0.6791,
0.7627,0.2542,0.4882,
0.7966,0.2542,0.4666,
0.8305,0.2542,0.3602,
0.8644,0.2542,0.4553,
0.8983,0.2542,0.3294,
0.9322,0.2542,0.7232,
0.9661,0.2542,1.6669,
1.0000,0.2542,1.2820,
-1.0000,0.2881,1.1509,
-0.9661,0.2881,0.7965,
-0.9322,0.2881,1.0363,
-0.8983,0.2881,0.8575,
-0.8644,0.2881,0.5855,
-0.8305,0.2881,0.8753,
-0.7966,0.2881,-0.1461,
-0.7627,0.2881,0.2960,
-0.7288,0.2881,0.4486,
-0.6949,0.2881,0.4964,
-0.6610,0.2881,0.9101,
-0.6271,0.2881,0.3550,
-0.5932,0.2881,0.5914,
-0.5593,0.2881,0.2685,
-0.5254,0.2881,0.2657,
-0.4915,0.2881,0.1461,
-0.4576,0.2881,0.3401,
-0.4237,0.2881,-0.0571,
-0.3898,0.2881,0.2957,
-0.3559,0.2881,-0.1363,
-0.3220,0.2881,0.6405,
-0.2881,0.2881,0.1611,
-0.2542,0.2881,-0.2140,
-0.2203,0.2881,-0.2557,
-0.1864,0.2881,-0.0694,
-0.1525,0.2881,0.0835,
-0.1186,0.2881,-0.2629,
-0.0847,0.2881,-0.2126,
-0.0508,0.2881,0.0499,
-0.0169,0.2881,-0.2621,
0.0169,0.2881,0.1633,
0.0508,0.2881,-0.1882,
0.0847,0.2881,-0.3201,
0.1186,0.2881,-0.2471,
0.1525,0.2881,-0.3188,
0.1864,0.2881,-0.3802,
0.2203,0.2881,0.0279,
0.2542,0.2881,-0.1457,
0.2881,0.2881,-0.1354,
0.3220,0.2881,-0.1327,
0.3559,0.2881,0.0723,
0.3898,0.2881,0.3246,
0.4237,0.2881,0.1313,
0.4576,0.2881,0.4498,
0.4915,0.2881,0.1635,
0.5254,0.2881,0.3139,
0.5593,0.2881,-0.1613,
0.5932,0.2881,0.0420,
0.6271,0.2881,0.3280,
0.6610,0.2881,0.6227,
0.6949,0.2881,0.5668,
0.7288,0.2881,0.1154,
0.7627,0.2881,0.5514,
0.7966,0.2881,0.5504,
0.8305,0.2881,0.4904,
0.8644,0.2881,0.8415,
0.8983,0.2881,1.4150,
0.9322,0.2881,0.9410,
0.9661,0.2881,0.9180,
1.0000,0.2881,1.1076,
-1.0000,0.3220,0.7600,
-0.9661,0.3220,0.8109,
-0.9322,0.3220,1.1119,
-0.8983,0.3220,0.1335,
-0.8644,0.3220,-0.0319,
-0.8305,0.3220,0.6848,
-0.7966,0.3220,1.2233,
-0.7627,0.3220,0.8285,
-0.7288,0.3220,0.5627,
-0.6949,0.3220,0.6457,
-0.6610,0.3220,0.2821,
-0.6271,0.3220,0.3484,
-0.5932,0.3220,1.0011,
-0.5593,0.3220,0.1646,
-0.5254,0.3220,-0.2011,
-0.4915,0.3220,0.0559,
-0.4576,0.3220,-0.0056,
-0.4237,0.3220,0.1860,
-0.3898,0.3220,0.1034,
-0.3559,0.3220,-0.1182,
-0.3220,0.3220,0.1588,
-0.2881,0.3220,-0.1562,
-0.2542,0.3220,0.0920,
-0.2203,0.3220,-0.0241,
-0.1864,0.3220,-0.3909,
-0.1525,0.3220,-0.0707,
-0.1186,0.3220,0.1059,
-0.0847,0.3220,0.6544,
-0.0508,0.3220,-0.5137,
-0.0169,0.3220,-0.3256,
0.0169,0.3220,-0.0552,
0.0508,0.3220,0.2781,
0.0847,0.3220,-0.1497,
0.1186,0.3220,0.2384,
0.1525,0.3220,-0.2206,
0.1864,0.3220,-0.2323,
0.2203,0.3220,-0.3351,
0.2542,0.3220,0.2325,
0.2881,0.3220,0.4496,
0.3220,0.3220,0.3261,
0.3559,0.3220,0.0263,
0.3898,0.3220,-0.3107,
0.4237,0.3220,0.2489,
0.4576,0.3220,-0.1415,
0.4915,0.3220,-0.1177,
0.5254,0.3220,-0.4618,
0.5593,0.3220,0.0067,
0.5932,0.3220,0.1781,
0.6271,0.3220,0.3633,
0.6610,0.3220,-0.0239,
0.6949,0.3220,0.2086,
0.7288,0.3220,0.4042,
0.7627,0.3220,0.5424,
0.7966,0.3220,0.4603,
0.8305,0.3220,0.8921,
0.8644,0.3220,0.8553,
0.8983,0.3220,0.9205,
0.9322,0.3220,0.9828,
0.9661,0.3220,0.4922,
1.0000,0.3220,1.4848,
-1.0000,0.3559,1.3460,
-0.9661,0.3559,0.8918,
-0.9322,0.3559,0.0510,
-0.8983,0.3559,-0.0796,
-0.8644,0.3559,0.5585,
-0.8305,0.3559,0.7774,
-0.7966,0.3559,0.2710,
-0.7627,0.3559,0.2375,
-0.7288,0.3559,0.5361,
-0.6949,0.3559,0.1984,
-0.6610,0.3559,0.3402,
-0.6271,0.3559,0.3351,
-0.5932,0.3559,0.3014,
-0.5593,0.3559,0.0043,
-0.5254,0.3559,0.2958,
-0.4915,0.3559,-0.4508,
-0.4576,0.3559,-0.2619,
-0.4237,0.3559,0.4851,
-0.3898,0.3559,-0.2796,
-0.3559,0.3559,-0.0936,
-0.3220,0.3559,0.7256,
-0.2881,0.3559,-0.1970,
-0.2542,0.3559,-0.1314,
-0.2203,0.3559,0.3343,
-0.1864,0.3559,-0.0682,
-0.1525,0.3559,-0.0521,
-0.1186,0.3559,-0.2684,
-0.0847,0.3559,-0.3106,
-0.0508,0.3559,-0.0889,
-0.0169,0.3559,-0.5990,
0.0169,0.3559,0.0471,
0.0508,0.3559,-0.0248,
0.0847,0.3559,0.0427,
0.1186,0.3559,0.1473,
0.1525,0.3559,-0.5630,
0.1864,0.3559,-0.2729,
0.2203,0.3559,0.2614,
0.2542,0.3559,0.4979,
0.2881,0.3559,-0.0379,
0.3220,0.3559,-0.0529,
0.3559,0.3559,0.2992,
0.3898,0.3559,0.1644,
0.4237,0.3559,0.2308,
0.4576,0.3559,-0.3081,
0.4915,0.3559,0.2121,
0.5254,0.3559,0.0993,
0.5593,0.3559,0.5636,
0.5932,0.3559,0.1476,
0.6271,0.3559,-0.1488,
0.6610,0.3559,0.1969,
0.6949,0.3559,0.0379,
0.7288,0.3559,0.5262,
0.7627,0.3559,0.8007,
0.7966,0.3559,0.9700,
0.8305,0.3559,0.7737,
0.8644,0.3559,0.6088,
0.8983,0.3559,0.6130,
0.9322,0.3559,0.6150,
0.9661,0.3559,1.1117,
1.0000,0.3559,0.6295,
-1.0000,0.3898,0.6561,
-0.9661,0.3898,1.1814,
-0.9322,0.3898,0.9797,
-0.8983,0.3898,-0.0226,
-0.8644,0.3898,0.5148,
-0.8305,0.3898,0.2663,
-0.7966,0.3898,0.8521,
-0.7627,0.3898,0.1832,
-0.7288,0.3898,-0.0399,
-0.6949,0.3898,-0.1347,
-0.6610,0.3898,0.4050,
-0.6271,0.3898,0.1974,
-0.5932,0.3898,0.2187,
-0.5593,0.3898,0.6498,
-0.5254,0.3898,0.1917,
-0.4915,0.3898,0.8466,
-0.4576,0.3898,-0.1092,
-0.4237,0.3898,-0.1584,
-0.3898,0.3898,0.1391,
-0.3559,0.3898,0.0888,
-0.3220,0.3898,0.0737,
-0.2881,0.3898,-0.2242,
-0.2542,0.3898,0.2479,
-0.2203,0.3898,-0.0809,
-0.1864,0.3898,-0.2956,
-0.1525,0.3898,0.1247,
-0.1186,0.3898,-0.5684,
-0.0847,0.3898,-0.3341,
-0.0508,0.3898,-0.2080,
-0.0169,0.3898,-1.0366,
0.0169,0.3898,-0.4282,
0.0508,0.3898,-0.0688,
0.0847,0.3898,-0.2074,
0.1186,0.3898,-0.0456,
0.1525,0.3898,-0.4317,
0.1864,0.3898,-0.0777,
0.2203,0.3898,0.1529,
0.2542,0.3898,0.1583,
0.2881,0.3898,-0.1564,
0.3220,0.3898,-0.1624,
0.3559,0.3898,-0.2875,
0.3898,0.3898,-0.0967,
0.4237,0.3898,0.0397,
0.4576,0.3898,0.1081,
0.4915,0.3898,0.1337,
0.5254,0.3898,-0.2782,
0.5593,0.3898,0.3854,
0.5932,0.3898,0.3507,
0.6271,0.3898,0.5237,
0.6610,0.3898,-0.3391,
0.6949,0.3898,0.2571,
0.7288,0.3898,0.3667,
0.7627,0.3898,0.6693,
0.7966,0.3898,0.8892,
0.8305,0.3898,0.1979,
0.8644,0.3898,1.5149,
0.8983,0.3898,0.0853,
0.9322,0.3898,0.5906,
0.9661,0.3898,1.4345,
1.0000,0.3898,1.3219,
-1.0000,0.4237,0.8292,
-0.9661,0.4237,0.3853,
-0.9322,0.4237,0.9616,
-0.8983,0.4237,0.3019,
-0.8644,0.4237,0.5705,
-0.8305,0.4237,-0.0119,
-0.7966,0.4237,0.1970,
-0.7627,0.4237,-0.2423,
-0.7288,0.4237,0.2457,
-0.6949,0.4237,0.2812,
-0.6610,0.4237,0.1775,
-0.6271,0.4237,-0.1773,
-0.5932,0.4237,0.7163,
-0.5593,0.4237,-0.3006,
-0.5254,0.4237,-0.1412,
-0.4915,0.4237,-0.1505,
-0.4576,0.4237,-0.1056,
-0.4237,0.4237,-0.3789,
-0.3898,0.4237,0.1651,
-0.3559,0.4237,0.2097,
-0.3220,0.4237,-0.2139,
-0.2881,0.4237,-0.2205,
-0.2542,0.4237,-0.6642,
-0.2203,0.4237,-0.2820,
-0.1864,0.4237,-0.5789,
-0.1525,0.4237,0.1857,
-0.1186,0.4237,-0.2642,
-0.0847,0.4237,-0.3121,
-0.0508,0.4237,-0.3371,
-0.0169,0.4237,-0.0186,
0.0169,0.4237,-0.3928,
0.0508,0.4237,-0.5911,
0.0847,0.4237,-0.3926,
0.1186,0.4237,-0.2322,
0.1525,0.4237,-1.0962,
0.1864,0.4237,-0.3728,
0.2203,0.4237,-0.1060,
0.2542,0.4237,-0.0408,
0.2881,0.4237,0.0522,
0.3220,0.4237,0.0301,
0.3559,0.4237,0.1972,
0.3898,0.4237,-0.2733,
0.4237,0.4237,0.6236,
0.4576,0.4237,0.7912,
0.4915,0.4237,-0.1841,
0.5254,0.4237,-0.0659,
0.5593,0.4237,-0.1661,
0.5932,0.4237,0.2726,
0.6271,0.4237,0.1817,
0.6610,0.4237,0.3723,
0.6949,0.4237,0.2771,
0.7288,0.4237,0.4909,
0.7627,0.4237,0.9006,
0.7966,0.4237,-0.0384,
0.8305,0.4237,0.7140,
0.8644,0.4237,0.7205,
0.8983,0.4237,0.6502,
0.9322,0.4237,1.1135,
0.9661,0.4237,1.1057,
1.0000,0.4237,0.5134,
-1.0000,0.4576,0.7194,
-0.9661,0.4576,0.6973,
-0.9322,0.4576,0.3314,
-0.8983,0.4576,0.8679,
-0.8644,0.4576,0.3340,
-0.8305,0.4576,0.7816,
-0.7966,0.4576,0.5388,
-0.7627,0.4576,0.0889,
-0.7288,0.4576,0.5879,
-0.6949,0.4576,-0.3241,
-0.6610,0.4576,0.3298,
-0.6271,0.4576,0.1007,
-0.5932,0.4576,0.2896,
-0.5593,0.4576,-0.2121,
-0.5254,0.4576,0.0763,
-0.4915,0.4576,-0.0892,
-0.4576,0.4576,0.0578,
-0.4237,0.4576,-0.3868,
-0.3898,0.4576,0.4763,
-0.3559,0.4576,0.2576,
-0.3220,0.4576,0.2286,
-0.2881,0.4576,-0.3092,
-0.2542,0.4576,-0.5399,
-0.2203,0.4576,-0.4197,
-0.1864,0.4576,-0.2875,
-0.1525,0.4576,0.1662,
-0.1186,0.4576,0.0201,
-0.0847,0.4576,-0.2056,
-0.0508,0.4576,0.4633,
-0.0169,0.4576,-0.2713,
0.0169,0.4576,-0.6477,
0.0508,0.4576,-0.3685,
0.0847,0.4576,0.1347,
0.1186,0.4576,-0.7298,
0.1525,0.4576,-0.5931,
0.1864,0.4576,0.0107,
0.2203,0.4576,0.1128,
0.2542,0.4576,-0.5153,
0.2881,0.4576,0.0151,
0.3220,0.4576,0.0364,
0.3559,0.4576,0.0697,
0.3898,0.4576,-0.0332,
0.4237,0.4576,-0.0820,
0.4576,0.4576,-0.2818,
0.4915,0.4576,0.0514,
0.5254,0.4576,0.0140,
0.5593,0.4576,0.0472,
0.5932,0.4576,-0.0562,
0.6271,0.4576,0.1025,
0.6610,0.4576,0.4110,
0.6949,0.4576,0.5839,
0.7288,0.4576,0.0400,
0.7627,0.4576,0.3977,
0.7966,0.4576,0.8371,
0.8305,0.4576,0.4626,
0.8644,0.4576,0.4148,
0.8983,0.4576,1.1331,
0.9322,0.4576,0.9980,
0.9661,0.4576,0.5723,
1.0000,0.4576,1.1389,
-1.0000,0.4915,0.6031,
-0.9661,0.4915,1.0838,
-0.9322,0.4915,-0.2513,
-0.8983,0.4915,0.4929,
-0.8644,0.4915,0.0960,
-0.8305,0.4915,0.6273,
-0.7966,0.4915,0.8078,
-0.7627,0.4915,1.0164,
-0.7288,0.4915,0.4188,
-0.6949,0.4915,0.1995,
-0.6610,0.4915,0.2034,
-0.6271,0.4915,0.4598,
-0.5932,0.4915,0.3061,
-0.5593,0.4915,-0.5797,
-0.5254,0.4915,0.1645,
-0.4915,0.4915,-0.1960,
-0.4576,0.4915,-0.1514,
-0.4237,0.4915,0.0970,
-0.3898,0.4915,0.4455,
-0.3559,0.4915,-0.1907,
-0.3220,0.4915,-0.0763,
-0.2881,0.4915,-0.1440,
-0.2542,0.4915,-0.5177,
-0.2203,0.4915,-0.0943,
-0.1864,0.4915,-0.0330,
-0.1525,0.4915,0.1410,
-0.1186,0.4915,-0.3071,
-0.0847,0.4915,-0.2229,
-0.0508,0.4915,0.2781,
-0.0169,0.4915,-0.5549,
0.0169,0.4915,-0.4756,
0.0508,0.4915,-0.5457,
0.0847,0.4915,-0.3093,
0.1186,0.4915,0.0036,
0.1525,0.4915,-0.4374,
0.1864,0.4915,-0.5555,
0.2203,0.4915,-0.1940,
0.2542,0.4915,-0.0130,
0.2881,0.4915,-0.3111,
0.3220,0.4915,-0.0245,
0.3559,0.4915,-0.9828,
0.3898,0.4915,-0.0474,
0.4237,0.4915,0.2150,
0.4576,0.4915,0.0892,
0.4915,0.4915,0.0587,
0.5254,0.4915,-0.0683,
0.5593,0.4915,0.1968,
0.5932,0.4915,0.0025,
0.6271,0.4915,0.0598,
0.6610,0.4915,0.2139,
0.6949,0.4915,0.4350,
0.7288,0.4915,0.4434,
0.7627,0.4915,0.5132,
0.7966,0.4915,0.7137,
0.8305,0.4915,0.6543,
0.8644,0.4915,1.0934,
0.8983,0.4915,0.7154,
0.9322,0.4915,0.3301,
0.9661,0.4915,0.9279,
1.0000,0.4915,0.4678,
-1.0000,0.5254,0.1862,
-0.9661,0.5254,0.0499,
-0.9322,0.5254,0.5104,
-0.8983,0.5254,1.0221,
-0.8644,0.5254,0.1955,
-0.8305,0.5254,0.5641,
-0.7966,0.5254,-0.0971,
-0.7627,0.5254,0.2391,
-0.7288,0.5254,0.2547,
-0.6949,0.5254,0.1651,
-0.6610,0.5254,0.4699,
-0.6271,0.5254,0.6144,
-0.5932,0.5254,-0.3576,
-0.5593,0.5254,-0.2436,
-0.5254,0.5254,-0.0475,
-0.4915,0.5254,0.3236,
-0.4576,0.5254,0.4578,
-0.4237,0.5254,-0.1217,
-0.3898,0.5254,-0.2922,
-0.3559,0.5254,0.1686,
-0.3220,0.5254,-0.0444,
-0.2881,0.5254,-0.6598,
-0.2542,0.5254,-0.2164,
-0.2203,0.5254,-0.2337,
-0.1864,0.5254,-0.2309,
-0.1525,0.5254,-0.2591,
-0.1186,0.5254,-0.0495,
-0.0847,0.5254,-0.4108,
-0.0508,0.5254,-0.2900,
-0.0169,0.5254,0.1690,
0.0169,0.5254,-0.4553,
0.0508,0.5254,-0.5517,
0.0847,0.5254,-0.2363,
0.1186,0.5254,-0.1682,
0.1525,0.5254,0.0085,
0.1864,0.5254,-0.5738,
0.2203,0.5254,-0.2931,
0.2542,0.5254,-0.0500,
0.2881,0.5254,0.1564,
0.3220,0.5254,-0.3886,
0.3559,0.5254,-0.4556,
0.3898,0.5254,-0.1289,
0.4237,0.5254,-0.0998,
0.4576,0.5254,0.1627,
0.4915,0.5254,-0.4212,
0.5254,0.5254,-0.0763,
0.5593,0.5254,0.5034,
0.5932,0.5254,-0.0520,
0.6271,0.5254,0.2013,
0.6610,0.5254,0.8980,
0.6949,0.5254,0.7583,
0.7288,0.5254,0.2439,
0.7627,0.5254,0.4913,
0.7966,0.5254,0.5969,
0.8305,0.5254,0.2548,
0.8644,0.5254,0.7040,
0.8983,0.5254,0.5901,
0.9322,0.5254,0.6890,
0.9661,0.5254,1.4084,
1.0000,0.5254,1.0449,
-1.0000,0.5593,-0.2041,
-0.9661,0.5593,0.1703,
-0.9322,0.5593,1.0183,
-0.8983,0.5593,0.7652,
-0.8644,0.5593,0.0286,
-0.8305,0.5593,0.5550,
-0.7966,0.5593,0.9070,
-0.7627,0.5593,0.7056,
-0.7288,0.5593,0.1879,
-0.6949,0.5593,0.5307,
-0.6610,0.5593,-0.0692,
-0.6271,0.5593,-0.1765,
-0.5932,0.5593,0.0724,
-0.5593,0.5593,0.5864,
-0.5254,0.5593,-0.0680,
-0.4915,0.5593,-0.1014,
-0.4576,0.5593,-0.3307,
-0.4237,0.5593,-0.3663,
-0.3898,0.5593,-0.1843,
-0.3559,0.5593,-0.2287,
-0.3220,0.5593,0.0808,
-0.2881,0.5593,-0.1443,
-0.2542,0.5593,-0.4181,
-0.2203,0.5593,0.1193,
-0.1864,0.5593,-0.2547,
-0.1525,0.5593,-0.7156,
-0.1186,0.5593,-0.1345,
-0.0847,0.5593,-0.5110,
-0.0508,0.5593,-0.4570,
-0.0169,0.5593,-0.2420,
0.0169,0.5593,-0.1144,
0.0508,0.5593,-0.3058,
0.0847,0.5593,0.0243,
0.1186,0.5593,0.1398,
0.1525,0.5593,-0.3233,
0.1864,0.5593,0.0838,
0.2203,0.5593,-0.1747,
0.2542,0.5593,0.4246,
0.2881,0.5593,0.1835,
0.3220,0.5593,0.1289,
0.3559,0.5593,-0.3832,
0.3898,0.5593,0.0870,
0.4237,0.5593,-0.0310,
0.4576,0.5593,0.0105,
0.4915,0.5593,-0.4892,
0.5254,0.5593,-0.4781,
0.5593,0.5593,-0.2290,
0.5932,0.5593,-0.0010,
0.6271,0.5593,0.0253,
0.6610,0.5593,0.2142,
0.6949,0.5593,-0.3502,
0.7288,0.5593,0.3885,
0.7627,0.5593,0.0361,
0.7966,0.5593,-0.0286,
0.8305,0.5593,0.0903,
0.8644,0.5593,0.8706,
0.8983,0.5593,-0.0199,
0.9322,0.5593,0.8639,
0.9661,0.5593,0.5935,
1.0000,0.5593,1.0678,
-1.0000,0.5932,0.2067,
-0.9661,0.5932,1.0387,
-0.9322,0.5932,0.0952,
-0.8983,0.5932,0.6925,
-0.8644,0.5932,-0.0384,
-0.8305,0.5932,0.5253,
-0.7966,0.5932,0.4151,
-0.7627,0.5932,0.4444,
-0.7288,0.5932,-0.5675,
-0.6949,0.5932,-0.1536,
-0.6610,0.5932,-0.2982,
-0.6271,0.5932,-0.7361,
-0.5932,0.5932,0.2916,
-0.5593,0.5932,0.5943,
-0.5254,0.5932,-0.0072,
-0.4915,0.5932,-0.0574,
-0.4576,0.5932,-0.3773,
-0.4237,0.5932,-0.4086,
-0.3898,0.5932,0.4529,
-0.3559,0.5932,-0.5918,
-0.3220,0.5932,-0.2165,
-0.2881,0.5932,-0.9186,
-0.2542,0.5932,-0.1678,
-0.2203,0.5932,-0.2733,
-0.1864,0.5932,-0.4398,
-0.1525,0.5932,-0.0415,
-0.1186,0.5932,-0.5631,
-0.0847,0.5932,-0.4700,
-0.0508,0.5932,-0.3697,
-0.0169,0.5932,0.1898,
0.0169,0.5932,0.0267,
0.0508,0.5932,-0.4919,
0.0847,0.5932,-0.5279,
0.1186,0.5932,-0.3973,
0.1525,0.5932,-0.4956,
0.1864,0.5932,-0.1645,
0.2203,0.5932,-0.6125,
0.2542,0.5932,-0.8702,
0.2881,0.5932,-0.2971,
0.3220,0.5932,-0.1824,
0.3559,0.5932,-0.0005,
0.3898,0.5932,-0.2972,
0.4237,0.5932,-0.1801,
0.4576,0.5932,-0.2251,
0.4915,0.5932,-0.0523,
0.5254,0.5932,0.2890,
0.5593,0.5932,0.4729,
0.5932,0.5932,-0.0345,
0.6271,0.5932,0.0580,
0.6610,0.5932,0.2756,
0.6949,0.5932,-0.1499,
0.7288,0.5932,0.5426,
0.7627,0.5932,0.0420,
0.7966,0.5932,0.7529,
0.8305,0.5932,0.5633,
0.8644,0.5932,0.3376,
0.8983,0.5932,0.6981,
0.9322,0.5932,0.0206,
0.9661,0.5932,0.8063,
1.0000,0.5932,0.3399,
-1.0000,0.6271,0.6476,
-0.9661,0.6271,0.2112,
-0.9322,0.6271,1.1501,
-0.8983,0.6271,0.5693,
-0.8644,0.6271,0.3685,
-0.8305,0.6271,0.3937,
-0.7966,0.6271,0.0251,
-0.7627,0.6271,-0.0629,
-0.7288,0.6271,-0.4320,
-0.6949,0.6271,0.0182,
-0.6610,0.6271,-0.0734,
-0.6271,0.6271,0.2572,
-0.5932,0.6271,-0.1354,
-0.5593,0.6271,0.1494,
-0.5254,0.6271,-0.6302,
-0.4915,0.6271,-0.2347,
-0.4576,0.6271,0.2170,
-0.4237,0.6271,-0.2989,
-0.3898,0.6271,-0.6289,
-0.3559,0.6271,-0.0558,
-0.3220,0.6271,-0.4279,
-0.2881,0.6271,-0.0370,
-0.2542,0.6271,0.3900,
-0.2203,0.6271,-0.3857,
-0.1864,0.6271,-0.3213,
-0.1525,0.6271,-0.0581,
-0.1186,0.6271,-0.6938,
-0.0847,0.6271,-0.5932,
-0.0508,0.6271,0.3630,
-0.0169,0.6271,-0.1621,
0.0169,0.6271,-0.6292,
0.0508,0.6271,-0.2733,
0.0847,0.6271,-0.3909,
0.1186,0.6271,-0.1682,
0.1525,0.6271,-0.3631,
0.1864,0.6271,-0.5508,
0.2203,0.6271,-0.2821,
0.2542,0.6271,-0.3491,
0.2881,0.6271,-0.5464,
0.3220,0.6271,0.0267,
0.3559,0.6271,-0.4154,
0.3898,0.6271,-0.3352,
0.4237,0.6271,-0.1470,
0.4576,0.6271,-0.1108,
0.4915,0.6271,0.0860,
0.5254,0.6271,-0.7158,
0.5593,0.6271,-0.1877,
0.5932,0.6271,-0.4979,
0.6271,0.6271,-0.0466,
0.6610,0.6271,-0.2557,
0.6949,0.6271,0.2765,
0.7288,0.6271,-0.6065,
0.7627,0.6271,0.0687,
0.7966,0.6271,0.3525,
0.8305,0.6271,0.5105,
0.8644,0.6271,0.4635,
0.8983,0.6271,0.6834,
0.9322,0.6271,0.6897,
0.9661,0.6271,1.0539,
1.0000,0.6271,0.8755,
-1.0000,0.6610,0.7313,
-0.9661,0.6610,0.5007,
-0.9322,0.6610,0.4462,
-0.8983,0.6610,0.2905,
-0.8644,0.6610,0.7421,
-0.8305,0.6610,0.2983,
-0.7966,0.6610,0.5145,
-0.7627,0.6610,-0.0873,
-0.7288,0.6610,0.1921,
-0.6949,0.6610,-0.4608,
-0.6610,0.6610,0.1401,
-0.6271,0.6610,-0.5650,
-0.5932,0.6610,-0.0533,
-0.5593,0.6610,-0.3632,
-0.5254,0.6610,0.0163,
-0.4915,0.6610,-0.1106,
-0.4576,0.6610,-0.0169,
-0.4237,0.6610,-0.6163,
-0.3898,0.6610,-0.0500,
-0.3559,0.6610,-0.4796,
-0.3220,0.6610,-0.3745,
-0.2881,0.6610,-0.5756,
-0.2542,0.6610,0.1430,
-0.2203,0.6610,-0.2677,
-0.1864,0.6610,-0.3292,
-0.1525,0.6610,-0.7668,
-0.1186,0.6610,-0.1351,
-0.0847,0.6610,-0.1720,
-0.0508,0.6610,-0.3898,
-0.0169,0.6610,-0.2027,
0.0169,0.6610,-0.6113,
0.0508,0.6610,-0.2898,
0.0847,0.6610,-0.1127,
0.1186,0.6610,-0.3394,
0.1525,0.6610,-1.0441,
0.1864,0.6610,-0.0278,
0.2203,0.6610,-0.1351,
0.2542,0.6610,-0.2432,
0.2881,0.6610,-0.0491,
0.3220,0.6610,-0.1909,
0.3559,0.6610,-0.1538,
0.3898,0.6610,-0.1488,
0.4237,0.6610,-0.6110,
0.4576,0.6610,-0.3093,
0.4915,0.6610,-0.3559,
0.5254,0.6610,-0.0744,
0.5593,0.6610,0.2268,
0.5932,0.6610,-0.0063,
0.6271,0.6610,-0.4018,
0.6610,0.6610,0.0983,
0.6949,0.6610,-0.1270,
0.7288,0.6610,0.0244,
0.7627,0.6610,0.0955,
0.7966,0.6610,0.1247,
0.8305,0.6610,0.9588,
0.8644,0.6610,0.6558,
0.8983,0.6610,0.8700,
0.9322,0.6610,1.2457,
0.9661,0.6610,0.9028,
1.0000,0.6610,0.2525,
-1.0000,0.6949,0.1756,
-0.9661,0.6949,0.4353,
-0.9322,0.6949,-0.0569,
-0.8983,0.6949,0.2293,
-0.8644,0.6949,0.1164,
-0.8305,0.6949,0.0668,
-0.7966,0.6949,0.0950,
-0.7627,0.6949,0.1607,
-0.7288,0.6949,-0.0859,
-0.6949,0.6949,-0.4400,
-0.6610,0.6949,-0.2473,
-0.6271,0.6949,0.1403,
-0.5932,0.6949,-0.2755,
-0.5593,0.6949,-0.6687,
-0.5254,0.6949,-0.4010,
-0.4915,0.6949,0.0848,
-0.4576,0.6949,-0.2071,
-0.4237,0.6949,0.0406,
-0.3898,0.6949,-0.7671,
-0.3559,0.6949,-0.7390,
-0.3220,0.6949,-0.3541,
-0.2881,0.6949,-0.4079,
-0.2542,0.6949,-0.1766,
-0.2203,0.6949,-0.2804,
-0.1864,0.6949,-0.0841,
-0.1525,0.6949,0.2664,
-0.1186,0.6949,-0.8098,
-0.0847,0.6949,0.0322,
-0.0508,0.6949,-0.5663,
-0.0169,0.6949,-0.5149,
0.0169,0.6949,-0.8584,
0.0508,0.6949,-0.1351,
0.0847,0.6949,-0.6226,
0.1186,0.6949,-0.3354,
0.1525,0.6949,-0.4950,
0.1864,0.6949,-0.5182,
0.2203,0.6949,-0.4555,
0.2542,0.6949,-0.7052,
0.2881,0.6949,-0.0018,
0.3220,0.6949,-0.5276,
0.3559,0.6949,0.0786,
0.3898,0.6949,-0.2267,
0.4237,0.6949,-0.3390,
0.4576,0.6949,-0.5929,
0.4915,0.6949,-0.4303,
0.5254,0.6949,-0.3520,
0.5593,0.6949,-0.4349,
0.5932,0.6949,-0.0653,
0.6271,0.6949,-0.0294,
0.6610,0.6949,-0.3451,
0.6949,0.6949,0.3213,
0.7288,0.6949,0.2733,
0.7627,0.6949,0.4657,
0.7966,0.6949,0.0755,
0.8305,0.6949,0.1316,
0.8644,0.6949,0.0029,
0.8983,0.6949,0.1075,
0.9322,0.6949,0.8114,
0.9661,0.6949,0.5803,
1.0000,0.6949,0.5070,
-1.0000,0.7288,0.2079,
-0.9661,0.7288,0.5771,
-0.9322,0.7288,0.6553,
-0.8983,0.7288,0.1176,
-0.8644,0.7288,0.2710,
-0.8305,0.7288,0.4115,
-0.7966,0.7288,0.0388,
-0.7627,0.7288,-0.1190,
-0.7288,0.7288,0.0211,
-0.6949,0.7288,-0.2491,
-0.6610,0.7288,0.2795,
-0.6271,0.7288,-0.1761,
-0.5932,0.7288,0.2575,
-0.5593,0.7288,0.1741,
-0.5254,0.7288,-0.5024,
-0.4915,0.7288,-0.1002,
-0.4576,0.7288,-0.5555,
-0.4237,0.7288,-0.3967,
-0.3898,0.7288,-0.1672,
-0.3559,0.7288,-0.2694,
-0.3220,0.7288,0.0573,
-0.2881,0.7288,-0.8417,
-0.2542,0.7288,-0.4573,
-0.2203,0.7288,-0.7779,
-0.1864,0.7288,-0.4066,
-0.1525,0.7288,-1.2114,
-0.1186,0.7288,-0.2559,
-0.0847,0.7288,-0.5211,
-0.0508,0.7288,-0.5363,
-0.0169,0.7288,-0.4813,
0.0169,0.7288,-0.6119,
0.0508,0.7288,-0.5598,
0.0847,0.7288,-0.6004,
0.1186,0.7288,-0.2668,
0.1525,0.7288,-0.0101,
0.1864,0.7288,-0.6295,
0.2203,0.7288,-0.2729,
0.2542,0.7288,-0.3279,
0.2881,0.7288,-0.1129,
0.3220,0.7288,-0.4892,
0.3559,0.7288,-0.5576,
0.3898,0.7288,-0.2396,
0.4237,0.7288,-0.1507,
0.4576,0.7288,0.1365,
0.4915,0.7288,-0.4013,
0.5254,0.7288,-0.1753,
0.5593,0.7288,-0.1308,
0.5932,0.7288,-0.1580,
0.6271,0.7288,0.3792,
0.6610,0.7288,0.0796,
0.6949,0.7288,0.0379,
0.7288,0.7288,-0.0405,
0.7627,0.7288,0.5313,
0.7966,0.7288,0.5034,
0.8305,0.7288,-0.0662,
0.8644,0.7288,0.5383,
0.8983,0.7288,0.3881,
0.9322,0.7288,0.6935,
0.9661,0.7288,0.8497,
1.0000,0.7288,0.8425,
-1.0000,0.7627,0.3425,
-0.9661,0.7627,0.7838,
-0.9322,0.7627,0.1308,
-0.8983,0.7627,0.0604,
-0.8644,0.7627,0.4105,
-0.8305,0.7627,-0.2016,
-0.7966,0.7627,0.0091,
-0.7627,0.7627,-0.2377,
-0.7288,0.7627,-0.0890,
-0.6949,0.7627,0.0466,
-0.6610,0.7627,0.2853,
-0.6271,0.7627,-0.2125,
-0.5932,0.7627,-0.4720,
-0.5593,0.7627,-0.3148,
-0.5254,0.7627,-0.9159,
-0.4915,0.7627,-0.5869,
-0.4576,0.7627,-0.0078,
-0.4237,0.7627,-0.5511,
-0.3898,0.7627,-0.1139,
-0.3559,0.7627,-0.6779,
-0.3220,0.7627,-0.7349,
-0.2881,0.7627,-0.6425,
-0.2542,0.7627,-0.1836,
-0.2203,0.7627,-0.6503,
-0.1864,0.7627,-0.5584,
-0.1525,0.7627,-0.6653,
-0.1186,0.7627,-0.3556,
-0.0847,0.7627,-0.6627,
-0.0508,0.7627,-0.1150,
-0.0169,0.7627,-0.5429,
0.0169,0.7627,-0.0348,
0.0508,0.7627,-0.5574,
0.0847,0.7627,-0.7790,
0.1186,0.7627,-0.3255,
0.1525,0.7627,-0.5463,
0.1864,0.7627,-0.4994,
0.2203,0.7627,-0.3525,
0.2542,0.7627,-0.2787,
0.2881,0.7627,-0.5041,
0.3220,0.7627,0.0430,
0.3559,0.7627,0.0078,
0.3898,0.7627,-0.1734,
0.4237,0.7627,-0.5937,
0.4576,0.7627,-0.6338,
0.4915,0.7627,-0.7840,
0.5254,0.7627,-0.3409,
0.5593,0.7627,-0.2064,
0.5932,0.7627,-0.1257,
0.6271,0.7627,0.6175,
0.6610,0.7627,-0.1655,
0.6949,0.7627,0.1687,
0.7288,0.7627,0.1002,
0.7627,0.7627,0.6126,
0.7966,0.7627,0.0633,
0.8305,0.7627,0.8489,
0.8644,0.7627,0.2590,
0.8983,0.7627,-0.0230,
0.9322,0.7627,0.2409,
0.9661,0.7627,0.3807,
1.0000,0.7627,0.1217,
-1.0000,0.7966,0.5679,
-0.9661,0.7966,0.5081,
-0.9322,0.7966,0.5459,
-0.8983,0.7966,0.1446,
-0.8644,0.7966,0.1091,
-0.8305,0.7966,-0.0742,
-0.7966,0.7966,0.2496,
-0.7627,0.7966,-0.2860,
-0.7288,0.7966,-0.1594,
-0.6949,0.7966,-0.0726,
-0.6610,0.7966,-0.4917,
-0.6271,0.7966,-0.3581,
-0.5932,0.7966,0.1069,
-0.5593,0.7966,-0.8195,
-0.5254,0.7966,-0.1828,
-0.4915,0.7966,-0.2446,
-0.4576,0.7966,-0.6764,
-0.4237,0.7966,-0.5095,
-0.3898,0.7966,-0.0743,
-0.3559,0.7966,-0.7668,
-0.3220,0.7966,-0.5394,
-0.2881,0.7966,-0.4415,
-0.2542,0.7966,0.0071,
-0.2203,0.7966,-0.3570,
-0.1864,0.7966,-0.5474,
-0.1525,0.7966,-0.7854,
-0.1186,0.7966,-0.9312,
-0.0847,0.7966,-0.6794,
-0.0508,0.7966,-0.9944,
-0.0169,0.7966,-0.6541,
0.0169,0.7966,-0.8661,
0.0508,0.7966,0.0040,
0.0847,0.7966,-0.3946,
0.1186,0.7966,-0.6762,
0.1525,0.7966,-0.8397,
0.1864,0.7966,-0.6822,
0.2203,0.7966,-0.3700,
0.2542,0.7966,-0.4572,
0.2881,0.7966,-0.3399,
0.3220,0.7966,-0.4653,
0.3559,0.7966,-0.1975,
0.3898,0.7966,-0.8581,
0.4237,0.7966,-0.0101,
0.4576,0.7966,-0.2954,
0.4915,0.7966,-0.3326,
0.5254,0.7966,-0.5722,
0.5593,0.7966,0.2561,
0.5932,0.7966,-0.3118,
0.6271,0.7966,-0.3412,
0.6610,0.7966,0.2095,
0.6949,0.7966,-0.3827,
0.7288,0.7966,0.1535,
0.7627,0.7966,0.5912,
0.7966,0.7966,0.0883,
0.8305,0.7966,0.2105,
0.8644,0.7966,0.0553,
0.8983,0.7966,0.3619,
0.9322,0.7966,0.2773,
0.9661,0.7966,0.5268,
1.0000,0.7966,0.8867,
-1.0000,0.8305,-0.3818,
-0.9661,0.8305,0.0911,
-0.9322,0.8305,-0.1372,
-0.8983,0.8305,-0.2282,
-0.8644,0.8305,0.2169,
-0.8305,0.8305,0.6981,
-0.7966,0.8305,-0.3494,
-0.7627,0.8305,0.3074,
-0.7288,0.8305,-0.5284,
-0.6949,0.8305,-0.3719,
-0.6610,0.8305,-0.0605,
-0.6271,0.8305,0.2283,
-0.5932,0.8305,-0.1835,
-0.5593,0.8305,-0.1860,
-0.5254,0.8305,-0.8352,
-0.4915,0.8305,-0.4293,
-0.4576,0.8305,-0.8296,
-0.4237,0.8305,-0.6619,
-0.3898,0.8305,-0.8705,
-0.3559,0.8305,-0.0271,
-0.3220,0.8305,-0.2013,
-0.2881,0.8305,-1.3383,
-0.2542,0.8305,-0.8769,
-0.2203,0.8305,-0.9885,
-0.1864,0.8305,-0.5325,
-0.1525,0.8305,-0.1734,
-0.1186,0.8305,-1.0728,
-0.0847,0.8305,-0.8401,
-0.0508,0.8305,-0.3695,
-0.0169,0.8305,-0.7637,
0.0169,0.8305,-0.7896,
0.0508,0.8305,-0.7353,
0.0847,0.8305,-0.6570,
0.1186,0.8305,-0.5290,
0.1525,0.8305,-0.6136,
0.1864,0.8305,-0.6997,
0.2203,0.8305,-0.5087,
0.2542,0.8305,-0.3539,
0.2881,0.8305,-0.1657,
0.3220,0.8305,-0.7275,
0.3559,0.8305,-0.8141,
0.3898,0.8305,-0.0639,
0.4237,0.8305,-0.2064,
0.4576,0.8305,-0.3797,
0.4915,0.8305,-0.1534,
0.5254,0.8305,-0.3061,
0.5593,0.8305,-0.2207,
0.5932,0.8305,-0.5005,
0.6271,0.8305,-0.2080,
0.6610,0.8305,-0.2724,
0.6949,0.8305,-0.2128,
0.7288,0.8305,-0.1957,
0.7627,0.8305,-0.2412,
0.7966,0.8305,0.3916,
0.8305,0.8305,0.1168,
0.8644,0.8305,0.3688,
0.8983,0.8305,-0.0682,
0.9322,0.8305,-0.1528,
0.9661,0.8305,0.4023,
1.0000,0.8305,0.7788,
-1.0000,0.8644,0.2900,
-0.9661,0.8644,0.5087,
-0.9322,0.8644,0.4978,
-0.8983,0.8644,-0.2658,
-0.8644,0.8644,0.3567,
-0.8305,0.8644,-0.0174,
-0.7966,0.8644,-0.0549,
-0.7627,0.8644,0.0991,
-0.7288,0.8644,-0.4394,
-0.6949,0.8644,0.3034,
-0.6610,0.8644,0.4592,
-0.6271,0.8644,0.1609,
-0.5932,0.8644,-0.6520,
-0.5593,0.8644,-0.3933,
-0.5254,0.8644,0.2093,
-0.4915,0.8644,-0.3518,
-0.4576,0.8644,-0.8388,
-0.4237,0.8644,-1.0451,
-0.3898,0.8644,-0.5951,
-0.3559,0.8644,0.1748,
-0.3220,0.8644,-0.8271,
-0.2881,0.8644,-0.7624,
-0.2542,0.8644,-0.9687,
-0.2203,0.8644,-0.4469,
-0.1864,0.8644,-0.3392,
-0.1525,0.8644,-0.8149,
-0.1186,0.8644,-0.1948,
-0.0847,0.8644,-0.5810,
-0.0508,0.8644,-0.8441,
-0.0169,0.8644,-1.1136,
0.0169,0.8644,-0.8408,
0.0508,0.8644,-0.8797,
0.0847,0.8644,-0.7136,
0.1186,0.8644,-0.2376,
0.1525,0.8644,-0.7455,
0.1864,0.8644,-0.2710,
0.2203,0.8644,-0.4685,
0.2542,0.8644,-0.8318,
0.2881,0.8644,-0.3421,
0.3220,0.8644,-0.5473,
0.3559,0.8644,-0.3972,
0.3898,0.8644,-0.3214,
0.4237,0.8644,-0.3158,
0.4576,0.8644,-0.1996,
0.4915,0.8644,-0.9806,
0.5254,0.8644,-0.6218,
0.5593,0.8644,-0.0616,
0.5932,0.8644,-0.1068,
0.6271,0.8644,0.2516,
0.6610,0.8644,-0.5325,
0.6949,0.8644,-0.5081,
0.7288,0.8644,-0.2462,
0.7627,0.8644,0.5113,
0.7966,0.8644,0.2641,
0.8305,0.8644,0.3680,
0.8644,0.8644,-0.0337,
0.8983,0.8644,-0.1969,
0.9322,0.8644,0.0840,
0.9661,0.8644,0.6929,
1.0000,0.8644,0.2207,
-1.0000,0.8983,0.3176,
-0.9661,0.8983,0.7296,
-0.9322,0.8983,0.0206,
-0.8983,0.8983,-0.2842,
-0.8644,0.8983,0.5685,
-0.8305,0.8983,-0.1959,
-0.7966,0.8983,-0.1701,
-0.7627,0.8983,0.1322,
-0.7288,0.8983,-0.2037,
-0.6949,0.8983,-0.3678,
-0.6610,0.8983,-0.2312,
-0.6271,0.8983,0.0354,
-0.5932,0.8983,-0.8243,
-0.5593,0.8983,-0.7661,
-0.5254,0.8983,-0.7953,
-0.4915,0.8983,-1.1687,
-0.4576,0.8983,-0.2822,
-0.4237,0.8983,-0.7401,
-0.3898,0.8983,-0.4390,
-0.3559,0.8983,-0.9374,
-0.3220,0.8983,-0.6388,
-0.2881,0.8983,-0.3623,
-0.2542,0.8983,-0.5346,
-0.2203,0.8983,-1.1845,
-0.1864,0.8983,-0.4330,
-0.1525,0.8983,-1.5136,
-0.1186,0.8983,-1.0171,
-0.0847,0.8983,-0.6866,
-0.0508,0.8983,-0.5473,
-0.0169,0.8983,-0.5809,
0.0169,0.8983,-0.2951,
0.0508,0.8983,-1.2192,
0.0847,0.8983,-0.6563,
0.1186,0.8983,-0.6564,
0.1525,0.8983,0.0678,
0.1864,0.8983,-0.2787,
0.2203,0.8983,0.1325,
0.2542,0.8983,-0.5035,
0.2881,0.8983,-0.4003,
0.3220,0.8983,-0.4819,
0.3559,0.8983,-0.5839,
0.3898,0.8983,-0.3183,
0.4237,0.8983,-1.1722,
0.4576,0.8983,-0.6503,
0.4915,0.8983,-0.7598,
0.5254,0.8983,-0.2335,
0.5593,0.8983,-0.2183,
0.5932,0.8983,-0.0263,
0.6271,0.8983,-0.4420,
0.6610,0.8983,-0.2519,
0.6949,0.8983,-0.5088,
0.7288,0.8983,-0.1481,
0.7627,0.8983,-0.0446,
0.7966,0.8983,-0.0061,
0.8305,0.8983,0.0919,
0.8644,0.8983,0.2487,
0.8983,0.8983,-0.3818,
0.9322,0.8983,-0.1085,
0.9661,0.8983,0.4900,
1.0000,0.8983,0.3563,
-1.0000,0.9322,-0.0254,
-0.9661,0.9322,0.3456,
-0.9322,0.9322,0.0118,
-0.8983,0.9322,0.2082,
-0.8644,0.9322,-0.5207,
-0.8305,0.9322,0.1879,
-0.7966,0.9322,-0.0028,
-0.7627,0.9322,-0.2544,
-0.7288,0.9322,-0.8954,
-0.6949,0.9322,0.0284,
-0.6610,0.9322,-0.4391,
-0.6271,0.9322,-0.4035,
-0.5932,0.9322,-0.3739,
-0.5593,0.9322,-0.2394,
-0.5254,0.9322,-0.5117,
-0.4915,0.9322,-0.0905,
-0.4576,0.9322,-0.7794,
-0.4237,0.9322,-1.3218,
-0.3898,0.9322,-0.9670,
-0.3559,0.9322,-0.8210,
-0.3220,0.9322,-0.7628,
-0.2881,0.9322,-0.9624,
-0.2542,0.9322,-0.8237,
-0.2203,0.9322,-0.8528,
-0.1864,0.9322,-0.6463,
-0.1525,0.9322,-0.3230,
-0.1186,0.9322,-1.0281,
-0.0847,0.9322,-0.8505,
-0.0508,0.9322,-0.9110,
-0.0169,0.9322,-0.6276,
0.0169,0.9322,-0.6105,
0.0508,0.9322,-0.8182,
0.0847,0.9322,-1.2547,
0.1186,0.9322,-0.7170,
0.1525,0.9322,-0.5779,
0.1864,0.9322,-0.7865,
0.2203,0.9322,-0.4827,
0.2542,0.9322,-0.5418,
0.2881,0.9322,-0.5334,
0.3220,0.9322,-1.1631,
0.3559,0.9322,-0.7139,
0.3898,0.9322,-0.5276,
0.4237,0.9322,-0.5043,
0.4576,0.9322,-0.8912,
0.4915,0.9322,-1.1081,
0.5254,0.9322,-0.2161,
0.5593,0.9322,-0.2285,
0.5932,0.9322,-0.5421,
0.6271,0.9322,-0.3628,
0.6610,0.9322,0.0675,
0.6949,0.9322,-0.8915,
0.7288,0.9322,0.2007,
0.7627,0.9322,-0.2600,
0.7966,0.9322,-0.1614,
0.8305,0.9322,-0.1073,
0.8644,0.9322,0.1416,
0.8983,0.9322,0.4097,
0.9322,0.9322,0.2638,
0.9661,0.9322,0.3501,
1.0000,0.9322,0.5507,
-1.0000,0.9661,0.1323,
-0.9661,0.9661,-0.6190,
-0.9322,0.9661,-0.0967,
-0.8983,0.9661,-0.3102,
-0.8644,0.9661,-0.2739,
-0.8305,0.9661,-0.4082,
-0.7966,0.9661,-0.6448,
-0.7627,0.9661,-0.5049,
-0.7288,0.9661,-0.1682,
-0.6949,0.9661,0.1139,
-0.6610,0.9661,-0.6780,
-0.6271,0.9661,-0.9476,
-0.5932,0.9661,-0.0625,
-0.5593,0.9661,-0.9232,
-0.5254,0.9661,-0.2069,
-0.4915,0.9661,-0.9858,
-0.4576,0.9661,-0.4188,
-0.4237,0.9661,-0.4322,
-0.3898,0.9661,-0.6619,
-0.3559,0.9661,-0.5682,
-0.3220,0.9661,-0.9418,
-0.2881,0.9661,-0.5639,
-0.2542,0.9661,-0.3480,
-0.2203,0.9661,-0.4451,
-0.1864,0.9661,-0.6982,
-0.1525,0.9661,-0.6384,
-0.1186,0.9661,-0.6820,
-0.0847,0.9661,-0.7402,
-0.0508,0.9661,-0.2847,
-0.0169,0.9661,-1.2698,
0.0169,0.9661,-1.1667,
0.0508,0.9661,-0.4754,
0.0847,0.9661,-0.4236,
0.1186,0.9661,-0.3602,
0.1525,0.9661,-1.2305,
0.1864,0.9661,-1.2011,
0.2203,0.9661,-0.8290,
0.2542,0.9661,-0.8377,
0.2881,0.9661,-0.9886,
0.3220,0.9661,-1.3127,
0.3559,0.9661,-0.8051,
0.3898,0.9661,-0.7018,
0.4237,0.9661,-0.9136,
0.4576,0.9661,-0.2467,
0.4915,0.9661,-0.4149,
0.5254,0.9661,-0.3842,
0.5593,0.9661,-0.4935,
0.5932,0.9661,-0.8820,
0.6271,0.9661,-0.5195,
0.6610,0.9661,-0.7005,
0.6949,0.9661,-0.6182,
0.7288,0.9661,0.0412,
0.7627,0.9661,-0.3010,
0.7966,0.9661,0.4959,
0.8305,0.9661,-0.3403,
0.8644,0.9661,0.0386,
0.8983,0.9661,-0.4842,
0.9322,0.9661,0.2333,
0.9661,0.9661,0.3333,
1.0000,0.9661,0.8611,
-1.0000,1.0000,-0.2568,
-0.9661,1.0000,0.4695,
-0.9322,1.0000,-0.3565,
-0.8983,1.0000,-0.1388,
-0.8644,1.0000,-0.4007,
-0.8305,1.0000,-0.3256,
-0.7966,1.0000,-0.3269,
-0.7627,1.0000,-0.5065,
-0.7288,1.0000,-0.3447,
-0.6949,1.0000,-0.2985,
-0.6610,1.0000,-0.1956,
-0.6271,1.0000,-0.6409,
-0.5932,1.0000,-0.8123,
-0.5593,1.0000,-0.7506,
-0.5254,1.0000,-0.9657,
-0.4915,1.0000,-0.5062,
-0.4576,1.0000,-1.2281,
-0.4237,1.0000,-0.0999,
-0.3898,1.0000,-0.7003,
-0.3559,1.0000,-0.6470,
-0.3220,1.0000,-1.1658,
-0.2881,1.0000,-0.7277,
-0.2542,1.0000,-0.5727,
-0.2203,1.0000,-0.6912,
-0.1864,1.0000,-0.5903,
-0.1525,1.0000,-0.7566,
-0.1186,1.0000,-0.2049,
-0.0847,1.0000,-1.1056,
-0.0508,1.0000,-0.3530,
-0.0169,1.0000,-0.5604,
0.0169,1.0000,-0.1781,
0.0508,1.0000,-0.7747,
0.0847,1.0000,-1.3642,
0.1186,1.0000,-0.5132,
0.1525,1.0000,-0.3452,
0.1864,1.0000,-1.2085,
0.2203,1.0000,-0.9626,
0.2542,1.0000,-0.6204,
0.2881,1.0000,-0.7791,
0.3220,1.0000,-0.7304,
0.3559,1.0000,-0.9516,
0.3898,1.0000,-0.5517,
0.4237,1.0000,-0.5380,
0.4576,1.0000,-0.4342,
0.4915,1.0000,0.0376,
0.5254,1.0000,-0.6150,
0.5593,1.0000,-0.5350,
0.5932,1.0000,-0.9416,
0.6271,1.0000,-0.3877,
0.6610,1.0000,-0.4704,
0.6949,1.0000,-0.7946,
0.7288,1.0000,-0.2292,
0.7627,1.0000,-0.2041,
0.7966,1.0000,-0.6512,
0.8305,1.0000,0.1158,
0.8644,1.0000,0.0345,
0.8983,1.0000,-0.5511,
0.9322,1.0000,-0.4940,
0.9661,1.0000,-0.1352,
1.0000,1.0000,0.0264,
