-1.0000,-1.0000,-0.2000,
-0.9661,-1.0000,-0.2568,
-0.9322,-1.0000,-0.3120,
-0.8983,-1.0000,-0.3655,
-0.8644,-1.0000,-0.4174,
-0.8305,-1.0000,-0.4675,
-0.7966,-1.0000,-0.5160,
-0.7627,-1.0000,-0.5626,
-0.7288,-1.0000,-0.6075,
-0.6949,-1.0000,-0.6507,
-0.6610,-1.0000,-0.6919,
-0.6271,-1.0000,-0.7314,
-0.5932,-1.0000,-0.7690,
-0.5593,-1.0000,-0.8047,
-0.5254,-1.0000,-0.8384,
-0.4915,-1.0000,-0.8703,
-0.4576,-1.0000,-0.9002,
-0.4237,-1.0000,-0.9281,
-0.3898,-1.0000,-0.9540,
-0.3559,-1.0000,-0.9778,
-0.3220,-1.0000,-0.9996,
-0.2881,-1.0000,-1.0194,
-0.2542,-1.0000,-1.0370,
-0.2203,-1.0000,-1.0525,
-0.1864,-1.0000,-1.0659,
-0.1525,-1.0000,-1.0771,
-0.1186,-1.0000,-1.0861,
-0.0847,-1.0000,-1.0929,
-0.0508,-1.0000,-1.0974,
-0.0169,-1.0000,-1.0997,
0.0169,-1.0000,-1.0997,
0.0508,-1.0000,-1.0974,
0.0847,-1.0000,-1.0928,
0.1186,-1.0000,-1.0858,
0.1525,-1.0000,-1.0764,
0.1864,-1.0000,-1.0646,
0.2203,-1.0000,-1.0504,
0.2542,-1.0000,-1.0337,
0.2881,-1.0000,-1.0146,
0.3220,-1.0000,-0.9930,
0.3559,-1.0000,-0.9688,
0.3898,-1.0000,-0.9421,
0.4237,-1.0000,-0.9128,
0.4576,-1.0000,-0.8810,
0.4915,-1.0000,-0.8465,
0.5254,-1.0000,-0.8094,
0.5593,-1.0000,-0.7697,
0.5932,-1.0000,-0.7272,
0.6271,-1.0000,-0.6821,
0.6610,-1.0000,-0.6342,
0.6949,-1.0000,-0.5835,
0.7288,-1.0000,-0.5301,
0.7627,-1.0000,-0.4739,
0.7966,-1.0000,-0.4149,
0.8305,-1.0000,-0.3530,
0.8644,-1.0000,-0.2882,
0.8983,-1.0000,-0.2206,
0.9322,-1.0000,-0.1500,
0.9661,-1.0000,-0.0765,
1.0000,-1.0000,0.0000,
-1.0000,-0.9661,-0.1235,
-0.9661,-0.9661,-0.1803,
-0.9322,-0.9661,-0.2355,
-0.8983,-0.9661,-0.2891,
-0.8644,-0.9661,-0.3409,
-0.8305,-0.9661,-0.3911,
-0.7966,-0.9661,-0.4395,
-0.7627,-0.9661,-0.4862,
-0.7288,-0.9661,-0.5311,
-0.6949,-0.9661,-0.5742,
-0.6610,-0.9661,-0.6155,
-0.6271,-0.9661,-0.6549,
-0.5932,-0.9661,-0.6925,
-0.5593,-0.9661,-0.7282,
-0.5254,-0.9661,-0.7620,
-0.4915,-0.9661,-0.7938,
-0.4576,-0.9661,-0.8237,
-0.4237,-0.9661,-0.8516,
-0.3898,-0.9661,-0.8775,
-0.3559,-0.9661,-0.9013,
-0.3220,-0.9661,-0.9232,
-0.2881,-0.9661,-0.9429,
-0.2542,-0.9661,-0.9605,
-0.2203,-0.9661,-0.9760,
-0.1864,-0.9661,-0.9894,
-0.1525,-0.9661,-1.0006,
-0.1186,-0.9661,-1.0096,
-0.0847,-0.9661,-1.0164,
-0.0508,-0.9661,-1.0210,
-0.0169,-0.9661,-1.0232,
0.0169,-0.9661,-1.0232,
0.0508,-0.9661,-1.0209,
0.0847,-0.9661,-1.0163,
0.1186,-0.9661,-1.0093,
0.1525,-0.9661,-0.9999,
0.1864,-0.9661,-0.9881,
0.2203,-0.9661,-0.9739,
0.2542,-0.9661,-0.9572,
0.2881,-0.9661,-0.9381,
0.3220,-0.9661,-0.9165,
0.3559,-0.9661,-0.8923,
0.3898,-0.9661,-0.8656,
0.4237,-0.9661,-0.8364,
0.4576,-0.9661,-0.8045,
0.4915,-0.9661,-0.7701,
0.5254,-0.9661,-0.7329,
0.5593,-0.9661,-0.6932,
0.5932,-0.9661,-0.6507,
0.6271,-0.9661,-0.6056,
0.6610,-0.9661,-0.5577,
0.6949,-0.9661,-0.5071,
0.7288,-0.9661,-0.4536,
0.7627,-0.9661,-0.3974,
0.7966,-0.9661,-0.3384,
0.8305,-0.9661,-0.2765,
0.8644,-0.9661,-0.2117,
0.8983,-0.9661,-0.1441,
0.9322,-0.9661,-0.0735,
0.9661,-0.9661,0.0000,
1.0000,-0.9661,0.0765,
-1.0000,-0.9322,-0.0500,
-0.9661,-0.9322,-0.1068,
-0.9322,-0.9322,-0.1620,
-0.8983,-0.9322,-0.2155,
-0.8644,-0.9322,-0.2674,
-0.8305,-0.9322,-0.3176,
-0.7966,-0.9322,-0.3660,
-0.7627,-0.9322,-0.4127,
-0.7288,-0.9322,-0.4576,
-0.6949,-0.9322,-0.5007,
-0.6610,-0.9322,-0.5420,
-0.6271,-0.9322,-0.5814,
-0.5932,-0.9322,-0.6190,
-0.5593,-0.9322,-0.6547,
-0.5254,-0.9322,-0.6884,
-0.4915,-0.9322,-0.7203,
-0.4576,-0.9322,-0.7502,
-0.4237,-0.9322,-0.7781,
-0.3898,-0.9322,-0.8040,
-0.3559,-0.9322,-0.8278,
-0.3220,-0.9322,-0.8496,
-0.2881,-0.9322,-0.8694,
-0.2542,-0.9322,-0.8870,
-0.2203,-0.9322,-0.9025,
-0.1864,-0.9322,-0.9159,
-0.1525,-0.9322,-0.9271,
-0.1186,-0.9322,-0.9361,
-0.0847,-0.9322,-0.9429,
-0.0508,-0.9322,-0.9474,
-0.0169,-0.9322,-0.9497,
0.0169,-0.9322,-0.9497,
0.0508,-0.9322,-0.9474,
0.0847,-0.9322,-0.9428,
0.1186,-0.9322,-0.9358,
0.1525,-0.9322,-0.9264,
0.1864,-0.9322,-0.9146,
0.2203,-0.9322,-0.9004,
0.2542,-0.9322,-0.8837,
0.2881,-0.9322,-0.8646,
0.3220,-0.9322,-0.8430,
0.3559,-0.9322,-0.8188,
0.3898,-0.9322,-0.7921,
0.4237,-0.9322,-0.7629,
0.4576,-0.9322,-0.7310,
0.4915,-0.9322,-0.6965,
0.5254,-0.9322,-0.6594,
0.5593,-0.9322,-0.6197,
0.5932,-0.9322,-0.5772,
0.6271,-0.9322,-0.5321,
0.6610,-0.9322,-0.4842,
0.6949,-0.9322,-0.4335,
0.7288,-0.9322,-0.3801,
0.7627,-0.9322,-0.3239,
0.7966,-0.9322,-0.2649,
0.8305,-0.9322,-0.2030,
0.8644,-0.9322,-0.1382,
0.8983,-0.9322,-0.0706,
0.9322,-0.9322,0.0000,
0.9661,-0.9322,0.0735,
1.0000,-0.9322,0.1500,
-1.0000,-0.8983,0.0206,
-0.9661,-0.8983,-0.0363,
-0.9322,-0.8983,-0.0914,
-0.8983,-0.8983,-0.1450,
-0.8644,-0.8983,-0.1968,
-0.8305,-0.8983,-0.2470,
-0.7966,-0.8983,-0.2954,
-0.7627,-0.8983,-0.3421,
-0.7288,-0.8983,-0.3870,
-0.6949,-0.8983,-0.4301,
-0.6610,-0.8983,-0.4714,
-0.6271,-0.8983,-0.5108,
-0.5932,-0.8983,-0.5484,
-0.5593,-0.8983,-0.5841,
-0.5254,-0.8983,-0.6179,
-0.4915,-0.8983,-0.6497,
-0.4576,-0.8983,-0.6796,
-0.4237,-0.8983,-0.7075,
-0.3898,-0.8983,-0.7334,
-0.3559,-0.8983,-0.7573,
-0.3220,-0.8983,-0.7791,
-0.2881,-0.8983,-0.7988,
-0.2542,-0.8983,-0.8164,
-0.2203,-0.8983,-0.8320,
-0.1864,-0.8983,-0.8453,
-0.1525,-0.8983,-0.8565,
-0.1186,-0.8983,-0.8655,
-0.0847,-0.8983,-0.8723,
-0.0508,-0.8983,-0.8769,
-0.0169,-0.8983,-0.8792,
0.0169,-0.8983,-0.8792,
0.0508,-0.8983,-0.8768,
0.0847,-0.8983,-0.8722,
0.1186,-0.8983,-0.8652,
0.1525,-0.8983,-0.8558,
0.1864,-0.8983,-0.8440,
0.2203,-0.8983,-0.8298,
0.2542,-0.8983,-0.8132,
0.2881,-0.8983,-0.7940,
0.3220,-0.8983,-0.7724,
0.3559,-0.8983,-0.7482,
0.3898,-0.8983,-0.7215,
0.4237,-0.8983,-0.6923,
0.4576,-0.8983,-0.6604,
0.4915,-0.8983,-0.6260,
0.5254,-0.8983,-0.5889,
0.5593,-0.8983,-0.5491,
0.5932,-0.8983,-0.5067,
0.6271,-0.8983,-0.4615,
0.6610,-0.8983,-0.4136,
0.6949,-0.8983,-0.3630,
0.7288,-0.8983,-0.3096,
0.7627,-0.8983,-0.2533,
0.7966,-0.8983,-0.1943,
0.8305,-0.8983,-0.1324,
0.8644,-0.8983,-0.0677,
0.8983,-0.8983,0.0000,
0.9322,-0.8983,0.0706,
0.9661,-0.8983,0.1441,
1.0000,-0.8983,0.2206,
-1.0000,-0.8644,0.0882,
-0.9661,-0.8644,0.0314,
-0.9322,-0.8644,-0.0238,
-0.8983,-0.8644,-0.0773,
-0.8644,-0.8644,-0.1292,
-0.8305,-0.8644,-0.1793,
-0.7966,-0.8644,-0.2278,
-0.7627,-0.8644,-0.2744,
-0.7288,-0.8644,-0.3193,
-0.6949,-0.8644,-0.3624,
-0.6610,-0.8644,-0.4037,
-0.6271,-0.8644,-0.4432,
-0.5932,-0.8644,-0.4808,
-0.5593,-0.8644,-0.5164,
-0.5254,-0.8644,-0.5502,
-0.4915,-0.8644,-0.5821,
-0.4576,-0.8644,-0.6119,
-0.4237,-0.8644,-0.6398,
-0.3898,-0.8644,-0.6657,
-0.3559,-0.8644,-0.6896,
-0.3220,-0.8644,-0.7114,
-0.2881,-0.8644,-0.7312,
-0.2542,-0.8644,-0.7488,
-0.2203,-0.8644,-0.7643,
-0.1864,-0.8644,-0.7777,
-0.1525,-0.8644,-0.7889,
-0.1186,-0.8644,-0.7979,
-0.0847,-0.8644,-0.8047,
-0.0508,-0.8644,-0.8092,
-0.0169,-0.8644,-0.8115,
0.0169,-0.8644,-0.8115,
0.0508,-0.8644,-0.8092,
0.0847,-0.8644,-0.8045,
0.1186,-0.8644,-0.7975,
0.1525,-0.8644,-0.7882,
0.1864,-0.8644,-0.7764,
0.2203,-0.8644,-0.7622,
0.2542,-0.8644,-0.7455,
0.2881,-0.8644,-0.7264,
0.3220,-0.8644,-0.7047,
0.3559,-0.8644,-0.6806,
0.3898,-0.8644,-0.6539,
0.4237,-0.8644,-0.6246,
0.4576,-0.8644,-0.5928,
0.4915,-0.8644,-0.5583,
0.5254,-0.8644,-0.5212,
0.5593,-0.8644,-0.4814,
0.5932,-0.8644,-0.4390,
0.6271,-0.8644,-0.3938,
0.6610,-0.8644,-0.3460,
0.6949,-0.8644,-0.2953,
0.7288,-0.8644,-0.2419,
0.7627,-0.8644,-0.1857,
0.7966,-0.8644,-0.1266,
0.8305,-0.8644,-0.0648,
0.8644,-0.8644,-0.0000,
0.8983,-0.8644,0.0677,
0.9322,-0.8644,0.1382,
0.9661,-0.8644,0.2117,
1.0000,-0.8644,0.2882,
-1.0000,-0.8305,0.1530,
-0.9661,-0.8305,0.0962,
-0.9322,-0.8305,0.0410,
-0.8983,-0.8305,-0.0126,
-0.8644,-0.8305,-0.0644,
-0.8305,-0.8305,-0.1146,
-0.7966,-0.8305,-0.1630,
-0.7627,-0.8305,-0.2097,
-0.7288,-0.8305,-0.2546,
-0.6949,-0.8305,-0.2977,
-0.6610,-0.8305,-0.3390,
-0.6271,-0.8305,-0.3784,
-0.5932,-0.8305,-0.4160,
-0.5593,-0.8305,-0.4517,
-0.5254,-0.8305,-0.4855,
-0.4915,-0.8305,-0.5173,
-0.4576,-0.8305,-0.5472,
-0.4237,-0.8305,-0.5751,
-0.3898,-0.8305,-0.6010,
-0.3559,-0.8305,-0.6248,
-0.3220,-0.8305,-0.6467,
-0.2881,-0.8305,-0.6664,
-0.2542,-0.8305,-0.6840,
-0.2203,-0.8305,-0.6995,
-0.1864,-0.8305,-0.7129,
-0.1525,-0.8305,-0.7241,
-0.1186,-0.8305,-0.7331,
-0.0847,-0.8305,-0.7399,
-0.0508,-0.8305,-0.7445,
-0.0169,-0.8305,-0.7467,
0.0169,-0.8305,-0.7467,
0.0508,-0.8305,-0.7444,
0.0847,-0.8305,-0.7398,
0.1186,-0.8305,-0.7328,
0.1525,-0.8305,-0.7234,
0.1864,-0.8305,-0.7116,
0.2203,-0.8305,-0.6974,
0.2542,-0.8305,-0.6807,
0.2881,-0.8305,-0.6616,
0.3220,-0.8305,-0.6400,
0.3559,-0.8305,-0.6158,
0.3898,-0.8305,-0.5891,
0.4237,-0.8305,-0.5599,
0.4576,-0.8305,-0.5280,
0.4915,-0.8305,-0.4936,
0.5254,-0.8305,-0.4565,
0.5593,-0.8305,-0.4167,
0.5932,-0.8305,-0.3742,
0.6271,-0.8305,-0.3291,
0.6610,-0.8305,-0.2812,
0.6949,-0.8305,-0.2306,
0.7288,-0.8305,-0.1771,
0.7627,-0.8305,-0.1209,
0.7966,-0.8305,-0.0619,
0.8305,-0.8305,0.0000,
0.8644,-0.8305,0.0648,
0.8983,-0.8305,0.1324,
0.9322,-0.8305,0.2030,
0.9661,-0.8305,0.2765,
1.0000,-0.8305,0.3530,
-1.0000,-0.7966,0.2149,
-0.9661,-0.7966,0.1580,
-0.9322,-0.7966,0.1029,
-0.8983,-0.7966,0.0493,
-0.8644,-0.7966,-0.0025,
-0.8305,-0.7966,-0.0527,
-0.7966,-0.7966,-0.1011,
-0.7627,-0.7966,-0.1478,
-0.7288,-0.7966,-0.1927,
-0.6949,-0.7966,-0.2358,
-0.6610,-0.7966,-0.2771,
-0.6271,-0.7966,-0.3165,
-0.5932,-0.7966,-0.3541,
-0.5593,-0.7966,-0.3898,
-0.5254,-0.7966,-0.4236,
-0.4915,-0.7966,-0.4554,
-0.4576,-0.7966,-0.4853,
-0.4237,-0.7966,-0.5132,
-0.3898,-0.7966,-0.5391,
-0.3559,-0.7966,-0.5630,
-0.3220,-0.7966,-0.5848,
-0.2881,-0.7966,-0.6045,
-0.2542,-0.7966,-0.6221,
-0.2203,-0.7966,-0.6377,
-0.1864,-0.7966,-0.6510,
-0.1525,-0.7966,-0.6622,
-0.1186,-0.7966,-0.6712,
-0.0847,-0.7966,-0.6780,
-0.0508,-0.7966,-0.6826,
-0.0169,-0.7966,-0.6849,
0.0169,-0.7966,-0.6849,
0.0508,-0.7966,-0.6825,
0.0847,-0.7966,-0.6779,
0.1186,-0.7966,-0.6709,
0.1525,-0.7966,-0.6615,
0.1864,-0.7966,-0.6497,
0.2203,-0.7966,-0.6355,
0.2542,-0.7966,-0.6189,
0.2881,-0.7966,-0.5997,
0.3220,-0.7966,-0.5781,
0.3559,-0.7966,-0.5539,
0.3898,-0.7966,-0.5272,
0.4237,-0.7966,-0.4980,
0.4576,-0.7966,-0.4661,
0.4915,-0.7966,-0.4317,
0.5254,-0.7966,-0.3946,
0.5593,-0.7966,-0.3548,
0.5932,-0.7966,-0.3124,
0.6271,-0.7966,-0.2672,
0.6610,-0.7966,-0.2193,
0.6949,-0.7966,-0.1687,
0.7288,-0.7966,-0.1153,
0.7627,-0.7966,-0.0590,
0.7966,-0.7966,0.0000,
0.8305,-0.7966,0.0619,
0.8644,-0.7966,0.1266,
0.8983,-0.7966,0.1943,
0.9322,-0.7966,0.2649,
0.9661,-0.7966,0.3384,
1.0000,-0.7966,0.4149,
-1.0000,-0.7627,0.2739,
-0.9661,-0.7627,0.2171,
-0.9322,-0.7627,0.1619,
-0.8983,-0.7627,0.1084,
-0.8644,-0.7627,0.0565,
-0.8305,-0.7627,0.0064,
-0.7966,-0.7627,-0.0421,
-0.7627,-0.7627,-0.0887,
-0.7288,-0.7627,-0.1336,
-0.6949,-0.7627,-0.1767,
-0.6610,-0.7627,-0.2180,
-0.6271,-0.7627,-0.2575,
-0.5932,-0.7627,-0.2951,
-0.5593,-0.7627,-0.3308,
-0.5254,-0.7627,-0.3645,
-0.4915,-0.7627,-0.3964,
-0.4576,-0.7627,-0.4263,
-0.4237,-0.7627,-0.4542,
-0.3898,-0.7627,-0.4801,
-0.3559,-0.7627,-0.5039,
-0.3220,-0.7627,-0.5257,
-0.2881,-0.7627,-0.5455,
-0.2542,-0.7627,-0.5631,
-0.2203,-0.7627,-0.5786,
-0.1864,-0.7627,-0.5920,
-0.1525,-0.7627,-0.6032,
-0.1186,-0.7627,-0.6122,
-0.0847,-0.7627,-0.6190,
-0.0508,-0.7627,-0.6235,
-0.0169,-0.7627,-0.6258,
0.0169,-0.7627,-0.6258,
0.0508,-0.7627,-0.6235,
0.0847,-0.7627,-0.6189,
0.1186,-0.7627,-0.6119,
0.1525,-0.7627,-0.6025,
0.1864,-0.7627,-0.5907,
0.2203,-0.7627,-0.5765,
0.2542,-0.7627,-0.5598,
0.2881,-0.7627,-0.5407,
0.3220,-0.7627,-0.5191,
0.3559,-0.7627,-0.4949,
0.3898,-0.7627,-0.4682,
0.4237,-0.7627,-0.4389,
0.4576,-0.7627,-0.4071,
0.4915,-0.7627,-0.3726,
0.5254,-0.7627,-0.3355,
0.5593,-0.7627,-0.2958,
0.5932,-0.7627,-0.2533,
0.6271,-0.7627,-0.2082,
0.6610,-0.7627,-0.1603,
0.6949,-0.7627,-0.1096,
0.7288,-0.7627,-0.0562,
0.7627,-0.7627,0.0000,
0.7966,-0.7627,0.0590,
0.8305,-0.7627,0.1209,
0.8644,-0.7627,0.1857,
0.8983,-0.7627,0.2533,
0.9322,-0.7627,0.3239,
0.9661,-0.7627,0.3974,
1.0000,-0.7627,0.4739,
-1.0000,-0.7288,0.3301,
-0.9661,-0.7288,0.2733,
-0.9322,-0.7288,0.2181,
-0.8983,-0.7288,0.1646,
-0.8644,-0.7288,0.1127,
-0.8305,-0.7288,0.0626,
-0.7966,-0.7288,0.0142,
-0.7627,-0.7288,-0.0325,
-0.7288,-0.7288,-0.0774,
-0.6949,-0.7288,-0.1205,
-0.6610,-0.7288,-0.1618,
-0.6271,-0.7288,-0.2013,
-0.5932,-0.7288,-0.2388,
-0.5593,-0.7288,-0.2745,
-0.5254,-0.7288,-0.3083,
-0.4915,-0.7288,-0.3402,
-0.4576,-0.7288,-0.3700,
-0.4237,-0.7288,-0.3979,
-0.3898,-0.7288,-0.4238,
-0.3559,-0.7288,-0.4477,
-0.3220,-0.7288,-0.4695,
-0.2881,-0.7288,-0.4893,
-0.2542,-0.7288,-0.5069,
-0.2203,-0.7288,-0.5224,
-0.1864,-0.7288,-0.5358,
-0.1525,-0.7288,-0.5470,
-0.1186,-0.7288,-0.5560,
-0.0847,-0.7288,-0.5628,
-0.0508,-0.7288,-0.5673,
-0.0169,-0.7288,-0.5696,
0.0169,-0.7288,-0.5696,
0.0508,-0.7288,-0.5673,
0.0847,-0.7288,-0.5626,
0.1186,-0.7288,-0.5556,
0.1525,-0.7288,-0.5463,
0.1864,-0.7288,-0.5345,
0.2203,-0.7288,-0.5203,
0.2542,-0.7288,-0.5036,
0.2881,-0.7288,-0.4845,
0.3220,-0.7288,-0.4628,
0.3559,-0.7288,-0.4387,
0.3898,-0.7288,-0.4120,
0.4237,-0.7288,-0.3827,
0.4576,-0.7288,-0.3509,
0.4915,-0.7288,-0.3164,
0.5254,-0.7288,-0.2793,
0.5593,-0.7288,-0.2395,
0.5932,-0.7288,-0.1971,
0.6271,-0.7288,-0.1519,
0.6610,-0.7288,-0.1041,
0.6949,-0.7288,-0.0534,
0.7288,-0.7288,0.0000,
0.7627,-0.7288,0.0562,
0.7966,-0.7288,0.1153,
0.8305,-0.7288,0.1771,
0.8644,-0.7288,0.2419,
0.8983,-0.7288,0.3096,
0.9322,-0.7288,0.3801,
0.9661,-0.7288,0.4536,
1.0000,-0.7288,0.5301,
-1.0000,-0.6949,0.3835,
-0.9661,-0.6949,0.3267,
-0.9322,-0.6949,0.2715,
-0.8983,-0.6949,0.2180,
-0.8644,-0.6949,0.1661,
-0.8305,-0.6949,0.1160,
-0.7966,-0.6949,0.0676,
-0.7627,-0.6949,0.0209,
-0.7288,-0.6949,-0.0240,
-0.6949,-0.6949,-0.0671,
-0.6610,-0.6949,-0.1084,
-0.6271,-0.6949,-0.1479,
-0.5932,-0.6949,-0.1854,
-0.5593,-0.6949,-0.2211,
-0.5254,-0.6949,-0.2549,
-0.4915,-0.6949,-0.2867,
-0.4576,-0.6949,-0.3166,
-0.4237,-0.6949,-0.3445,
-0.3898,-0.6949,-0.3704,
-0.3559,-0.6949,-0.3943,
-0.3220,-0.6949,-0.4161,
-0.2881,-0.6949,-0.4358,
-0.2542,-0.6949,-0.4535,
-0.2203,-0.6949,-0.4690,
-0.1864,-0.6949,-0.4824,
-0.1525,-0.6949,-0.4936,
-0.1186,-0.6949,-0.5026,
-0.0847,-0.6949,-0.5093,
-0.0508,-0.6949,-0.5139,
-0.0169,-0.6949,-0.5162,
0.0169,-0.6949,-0.5162,
0.0508,-0.6949,-0.5139,
0.0847,-0.6949,-0.5092,
0.1186,-0.6949,-0.5022,
0.1525,-0.6949,-0.4928,
0.1864,-0.6949,-0.4811,
0.2203,-0.6949,-0.4668,
0.2542,-0.6949,-0.4502,
0.2881,-0.6949,-0.4311,
0.3220,-0.6949,-0.4094,
0.3559,-0.6949,-0.3853,
0.3898,-0.6949,-0.3586,
0.4237,-0.6949,-0.3293,
0.4576,-0.6949,-0.2975,
0.4915,-0.6949,-0.2630,
0.5254,-0.6949,-0.2259,
0.5593,-0.6949,-0.1861,
0.5932,-0.6949,-0.1437,
0.6271,-0.6949,-0.0985,
0.6610,-0.6949,-0.0506,
0.6949,-0.6949,0.0000,
0.7288,-0.6949,0.0534,
0.7627,-0.6949,0.1096,
0.7966,-0.6949,0.1687,
0.8305,-0.6949,0.2306,
0.8644,-0.6949,0.2953,
0.8983,-0.6949,0.3630,
0.9322,-0.6949,0.4335,
0.9661,-0.6949,0.5071,
1.0000,-0.6949,0.5835,
-1.0000,-0.6610,0.4342,
-0.9661,-0.6610,0.3774,
-0.9322,-0.6610,0.3222,
-0.8983,-0.6610,0.2686,
-0.8644,-0.6610,0.2168,
-0.8305,-0.6610,0.1666,
-0.7966,-0.6610,0.1182,
-0.7627,-0.6610,0.0715,
-0.7288,-0.6610,0.0266,
-0.6949,-0.6610,-0.0165,
-0.6610,-0.6610,-0.0578,
-0.6271,-0.6610,-0.0972,
-0.5932,-0.6610,-0.1348,
-0.5593,-0.6610,-0.1705,
-0.5254,-0.6610,-0.2043,
-0.4915,-0.6610,-0.2361,
-0.4576,-0.6610,-0.2660,
-0.4237,-0.6610,-0.2939,
-0.3898,-0.6610,-0.3198,
-0.3559,-0.6610,-0.3436,
-0.3220,-0.6610,-0.3655,
-0.2881,-0.6610,-0.3852,
-0.2542,-0.6610,-0.4028,
-0.2203,-0.6610,-0.4183,
-0.1864,-0.6610,-0.4317,
-0.1525,-0.6610,-0.4429,
-0.1186,-0.6610,-0.4519,
-0.0847,-0.6610,-0.4587,
-0.0508,-0.6610,-0.4633,
-0.0169,-0.6610,-0.4655,
0.0169,-0.6610,-0.4655,
0.0508,-0.6610,-0.4632,
0.0847,-0.6610,-0.4586,
0.1186,-0.6610,-0.4516,
0.1525,-0.6610,-0.4422,
0.1864,-0.6610,-0.4304,
0.2203,-0.6610,-0.4162,
0.2542,-0.6610,-0.3995,
0.2881,-0.6610,-0.3804,
0.3220,-0.6610,-0.3588,
0.3559,-0.6610,-0.3346,
0.3898,-0.6610,-0.3079,
0.4237,-0.6610,-0.2787,
0.4576,-0.6610,-0.2468,
0.4915,-0.6610,-0.2124,
0.5254,-0.6610,-0.1753,
0.5593,-0.6610,-0.1355,
0.5932,-0.6610,-0.0930,
0.6271,-0.6610,-0.0479,
0.6610,-0.6610,0.0000,
0.6949,-0.6610,0.0506,
0.7288,-0.6610,0.1041,
0.7627,-0.6610,0.1603,
0.7966,-0.6610,0.2193,
0.8305,-0.6610,0.2812,
0.8644,-0.6610,0.3460,
0.8983,-0.6610,0.4136,
0.9322,-0.6610,0.4842,
0.9661,-0.6610,0.5577,
1.0000,-0.6610,0.6342,
-1.0000,-0.6271,0.4821,
-0.9661,-0.6271,0.4252,
-0.9322,-0.6271,0.3701,
-0.8983,-0.6271,0.3165,
-0.8644,-0.6271,0.2647,
-0.8305,-0.6271,0.2145,
-0.7966,-0.6271,0.1661,
-0.7627,-0.6271,0.1194,
-0.7288,-0.6271,0.0745,
-0.6949,-0.6271,0.0314,
-0.6610,-0.6271,-0.0099,
-0.6271,-0.6271,-0.0493,
-0.5932,-0.6271,-0.0869,
-0.5593,-0.6271,-0.1226,
-0.5254,-0.6271,-0.1564,
-0.4915,-0.6271,-0.1882,
-0.4576,-0.6271,-0.2181,
-0.4237,-0.6271,-0.2460,
-0.3898,-0.6271,-0.2719,
-0.3559,-0.6271,-0.2958,
-0.3220,-0.6271,-0.3176,
-0.2881,-0.6271,-0.3373,
-0.2542,-0.6271,-0.3549,
-0.2203,-0.6271,-0.3705,
-0.1864,-0.6271,-0.3838,
-0.1525,-0.6271,-0.3950,
-0.1186,-0.6271,-0.4040,
-0.0847,-0.6271,-0.4108,
-0.0508,-0.6271,-0.4154,
-0.0169,-0.6271,-0.4177,
0.0169,-0.6271,-0.4177,
0.0508,-0.6271,-0.4153,
0.0847,-0.6271,-0.4107,
0.1186,-0.6271,-0.4037,
0.1525,-0.6271,-0.3943,
0.1864,-0.6271,-0.3825,
0.2203,-0.6271,-0.3683,
0.2542,-0.6271,-0.3517,
0.2881,-0.6271,-0.3325,
0.3220,-0.6271,-0.3109,
0.3559,-0.6271,-0.2867,
0.3898,-0.6271,-0.2600,
0.4237,-0.6271,-0.2308,
0.4576,-0.6271,-0.1989,
0.4915,-0.6271,-0.1645,
0.5254,-0.6271,-0.1274,
0.5593,-0.6271,-0.0876,
0.5932,-0.6271,-0.0452,
0.6271,-0.6271,0.0000,
0.6610,-0.6271,0.0479,
0.6949,-0.6271,0.0985,
0.7288,-0.6271,0.1519,
0.7627,-0.6271,0.2082,
0.7966,-0.6271,0.2672,
0.8305,-0.6271,0.3291,
0.8644,-0.6271,0.3938,
0.8983,-0.6271,0.4615,
0.9322,-0.6271,0.5321,
0.9661,-0.6271,0.6056,
1.0000,-0.6271,0.6821,
-1.0000,-0.5932,0.5272,
-0.9661,-0.5932,0.4704,
-0.9322,-0.5932,0.4152,
-0.8983,-0.5932,0.3617,
-0.8644,-0.5932,0.3098,
-0.8305,-0.5932,0.2597,
-0.7966,-0.5932,0.2112,
-0.7627,-0.5932,0.1646,
-0.7288,-0.5932,0.1197,
-0.6949,-0.5932,0.0766,
-0.6610,-0.5932,0.0353,
-0.6271,-0.5932,-0.0042,
-0.5932,-0.5932,-0.0418,
-0.5593,-0.5932,-0.0774,
-0.5254,-0.5932,-0.1112,
-0.4915,-0.5932,-0.1431,
-0.4576,-0.5932,-0.1729,
-0.4237,-0.5932,-0.2008,
-0.3898,-0.5932,-0.2267,
-0.3559,-0.5932,-0.2506,
-0.3220,-0.5932,-0.2724,
-0.2881,-0.5932,-0.2922,
-0.2542,-0.5932,-0.3098,
-0.2203,-0.5932,-0.3253,
-0.1864,-0.5932,-0.3387,
-0.1525,-0.5932,-0.3499,
-0.1186,-0.5932,-0.3589,
-0.0847,-0.5932,-0.3657,
-0.0508,-0.5932,-0.3702,
-0.0169,-0.5932,-0.3725,
0.0169,-0.5932,-0.3725,
0.0508,-0.5932,-0.3702,
0.0847,-0.5932,-0.3655,
0.1186,-0.5932,-0.3585,
0.1525,-0.5932,-0.3492,
0.1864,-0.5932,-0.3374,
0.2203,-0.5932,-0.3232,
0.2542,-0.5932,-0.3065,
0.2881,-0.5932,-0.2874,
0.3220,-0.5932,-0.2657,
0.3559,-0.5932,-0.2416,
0.3898,-0.5932,-0.2149,
0.4237,-0.5932,-0.1856,
0.4576,-0.5932,-0.1538,
0.4915,-0.5932,-0.1193,
0.5254,-0.5932,-0.0822,
0.5593,-0.5932,-0.0424,
0.5932,-0.5932,0.0000,
0.6271,-0.5932,0.0452,
0.6610,-0.5932,0.0930,
0.6949,-0.5932,0.1437,
0.7288,-0.5932,0.1971,
0.7627,-0.5932,0.2533,
0.7966,-0.5932,0.3124,
0.8305,-0.5932,0.3742,
0.8644,-0.5932,0.4390,
0.8983,-0.5932,0.5067,
0.9322,-0.5932,0.5772,
0.9661,-0.5932,0.6507,
1.0000,-0.5932,0.7272,
-1.0000,-0.5593,0.5697,
-0.9661,-0.5593,0.5128,
-0.9322,-0.5593,0.4577,
-0.8983,-0.5593,0.4041,
-0.8644,-0.5593,0.3523,
-0.8305,-0.5593,0.3021,
-0.7966,-0.5593,0.2537,
-0.7627,-0.5593,0.2070,
-0.7288,-0.5593,0.1621,
-0.6949,-0.5593,0.1190,
-0.6610,-0.5593,0.0777,
-0.6271,-0.5593,0.0383,
-0.5932,-0.5593,0.0007,
-0.5593,-0.5593,-0.0350,
-0.5254,-0.5593,-0.0688,
-0.4915,-0.5593,-0.1006,
-0.4576,-0.5593,-0.1305,
-0.4237,-0.5593,-0.1584,
-0.3898,-0.5593,-0.1843,
-0.3559,-0.5593,-0.2082,
-0.3220,-0.5593,-0.2300,
-0.2881,-0.5593,-0.2497,
-0.2542,-0.5593,-0.2673,
-0.2203,-0.5593,-0.2829,
-0.1864,-0.5593,-0.2962,
-0.1525,-0.5593,-0.3074,
-0.1186,-0.5593,-0.3164,
-0.0847,-0.5593,-0.3232,
-0.0508,-0.5593,-0.3278,
-0.0169,-0.5593,-0.3301,
0.0169,-0.5593,-0.3301,
0.0508,-0.5593,-0.3277,
0.0847,-0.5593,-0.3231,
0.1186,-0.5593,-0.3161,
0.1525,-0.5593,-0.3067,
0.1864,-0.5593,-0.2949,
0.2203,-0.5593,-0.2807,
0.2542,-0.5593,-0.2641,
0.2881,-0.5593,-0.2449,
0.3220,-0.5593,-0.2233,
0.3559,-0.5593,-0.1991,
0.3898,-0.5593,-0.1724,
0.4237,-0.5593,-0.1432,
0.4576,-0.5593,-0.1113,
0.4915,-0.5593,-0.0769,
0.5254,-0.5593,-0.0398,
0.5593,-0.5593,0.0000,
0.5932,-0.5593,0.0424,
0.6271,-0.5593,0.0876,
0.6610,-0.5593,0.1355,
0.6949,-0.5593,0.1861,
0.7288,-0.5593,0.2395,
0.7627,-0.5593,0.2958,
0.7966,-0.5593,0.3548,
0.8305,-0.5593,0.4167,
0.8644,-0.5593,0.4814,
0.8983,-0.5593,0.5491,
0.9322,-0.5593,0.6197,
0.9661,-0.5593,0.6932,
1.0000,-0.5593,0.7697,
-1.0000,-0.5254,0.6094,
-0.9661,-0.5254,0.5526,
-0.9322,-0.5254,0.4974,
-0.8983,-0.5254,0.4439,
-0.8644,-0.5254,0.3920,
-0.8305,-0.5254,0.3419,
-0.7966,-0.5254,0.2935,
-0.7627,-0.5254,0.2468,
-0.7288,-0.5254,0.2019,
-0.6949,-0.5254,0.1588,
-0.6610,-0.5254,0.1175,
-0.6271,-0.5254,0.0780,
-0.5932,-0.5254,0.0405,
-0.5593,-0.5254,0.0048,
-0.5254,-0.5254,-0.0290,
-0.4915,-0.5254,-0.0609,
-0.4576,-0.5254,-0.0907,
-0.4237,-0.5254,-0.1186,
-0.3898,-0.5254,-0.1445,
-0.3559,-0.5254,-0.1684,
-0.3220,-0.5254,-0.1902,
-0.2881,-0.5254,-0.2099,
-0.2542,-0.5254,-0.2276,
-0.2203,-0.5254,-0.2431,
-0.1864,-0.5254,-0.2565,
-0.1525,-0.5254,-0.2677,
-0.1186,-0.5254,-0.2767,
-0.0847,-0.5254,-0.2835,
-0.0508,-0.5254,-0.2880,
-0.0169,-0.5254,-0.2903,
0.0169,-0.5254,-0.2903,
0.0508,-0.5254,-0.2880,
0.0847,-0.5254,-0.2833,
0.1186,-0.5254,-0.2763,
0.1525,-0.5254,-0.2670,
0.1864,-0.5254,-0.2552,
0.2203,-0.5254,-0.2410,
0.2542,-0.5254,-0.2243,
0.2881,-0.5254,-0.2052,
0.3220,-0.5254,-0.1835,
0.3559,-0.5254,-0.1594,
0.3898,-0.5254,-0.1327,
0.4237,-0.5254,-0.1034,
0.4576,-0.5254,-0.0716,
0.4915,-0.5254,-0.0371,
0.5254,-0.5254,0.0000,
0.5593,-0.5254,0.0398,
0.5932,-0.5254,0.0822,
0.6271,-0.5254,0.1274,
0.6610,-0.5254,0.1753,
0.6949,-0.5254,0.2259,
0.7288,-0.5254,0.2793,
0.7627,-0.5254,0.3355,
0.7966,-0.5254,0.3946,
0.8305,-0.5254,0.4565,
0.8644,-0.5254,0.5212,
0.8983,-0.5254,0.5889,
0.9322,-0.5254,0.6594,
0.9661,-0.5254,0.7329,
1.0000,-0.5254,0.8094,
-1.0000,-0.4915,0.6465,
-0.9661,-0.4915,0.5897,
-0.9322,-0.4915,0.5345,
-0.8983,-0.4915,0.4810,
-0.8644,-0.4915,0.4291,
-0.8305,-0.4915,0.3790,
-0.7966,-0.4915,0.3306,
-0.7627,-0.4915,0.2839,
-0.7288,-0.4915,0.2390,
-0.6949,-0.4915,0.1959,
-0.6610,-0.4915,0.1546,
-0.6271,-0.4915,0.1151,
-0.5932,-0.4915,0.0776,
-0.5593,-0.4915,0.0419,
-0.5254,-0.4915,0.0081,
-0.4915,-0.4915,-0.0238,
-0.4576,-0.4915,-0.0536,
-0.4237,-0.4915,-0.0815,
-0.3898,-0.4915,-0.1074,
-0.3559,-0.4915,-0.1313,
-0.3220,-0.4915,-0.1531,
-0.2881,-0.4915,-0.1728,
-0.2542,-0.4915,-0.1905,
-0.2203,-0.4915,-0.2060,
-0.1864,-0.4915,-0.2194,
-0.1525,-0.4915,-0.2306,
-0.1186,-0.4915,-0.2396,
-0.0847,-0.4915,-0.2464,
-0.0508,-0.4915,-0.2509,
-0.0169,-0.4915,-0.2532,
0.0169,-0.4915,-0.2532,
0.0508,-0.4915,-0.2509,
0.0847,-0.4915,-0.2462,
0.1186,-0.4915,-0.2392,
0.1525,-0.4915,-0.2298,
0.1864,-0.4915,-0.2181,
0.2203,-0.4915,-0.2039,
0.2542,-0.4915,-0.1872,
0.2881,-0.4915,-0.1681,
0.3220,-0.4915,-0.1464,
0.3559,-0.4915,-0.1223,
0.3898,-0.4915,-0.0956,
0.4237,-0.4915,-0.0663,
0.4576,-0.4915,-0.0345,
0.4915,-0.4915,0.0000,
0.5254,-0.4915,0.0371,
0.5593,-0.4915,0.0769,
0.5932,-0.4915,0.1193,
0.6271,-0.4915,0.1645,
0.6610,-0.4915,0.2124,
0.6949,-0.4915,0.2630,
0.7288,-0.4915,0.3164,
0.7627,-0.4915,0.3726,
0.7966,-0.4915,0.4317,
0.8305,-0.4915,0.4936,
0.8644,-0.4915,0.5583,
0.8983,-0.4915,0.6260,
0.9322,-0.4915,0.6965,
0.9661,-0.4915,0.7701,
1.0000,-0.4915,0.8465,
-1.0000,-0.4576,0.6810,
-0.9661,-0.4576,0.6242,
-0.9322,-0.4576,0.5690,
-0.8983,-0.4576,0.5155,
-0.8644,-0.4576,0.4636,
-0.8305,-0.4576,0.4135,
-0.7966,-0.4576,0.3650,
-0.7627,-0.4576,0.3184,
-0.7288,-0.4576,0.2735,
-0.6949,-0.4576,0.2303,
-0.6610,-0.4576,0.1891,
-0.6271,-0.4576,0.1496,
-0.5932,-0.4576,0.1120,
-0.5593,-0.4576,0.0763,
-0.5254,-0.4576,0.0426,
-0.4915,-0.4576,0.0107,
-0.4576,-0.4576,-0.0192,
-0.4237,-0.4576,-0.0471,
-0.3898,-0.4576,-0.0730,
-0.3559,-0.4576,-0.0968,
-0.3220,-0.4576,-0.1186,
-0.2881,-0.4576,-0.1384,
-0.2542,-0.4576,-0.1560,
-0.2203,-0.4576,-0.1715,
-0.1864,-0.4576,-0.1849,
-0.1525,-0.4576,-0.1961,
-0.1186,-0.4576,-0.2051,
-0.0847,-0.4576,-0.2119,
-0.0508,-0.4576,-0.2164,
-0.0169,-0.4576,-0.2187,
0.0169,-0.4576,-0.2187,
0.0508,-0.4576,-0.2164,
0.0847,-0.4576,-0.2118,
0.1186,-0.4576,-0.2048,
0.1525,-0.4576,-0.1954,
0.1864,-0.4576,-0.1836,
0.2203,-0.4576,-0.1694,
0.2542,-0.4576,-0.1527,
0.2881,-0.4576,-0.1336,
0.3220,-0.4576,-0.1120,
0.3559,-0.4576,-0.0878,
0.3898,-0.4576,-0.0611,
0.4237,-0.4576,-0.0319,
0.4576,-0.4576,-0.0000,
0.4915,-0.4576,0.0345,
0.5254,-0.4576,0.0716,
0.5593,-0.4576,0.1113,
0.5932,-0.4576,0.1538,
0.6271,-0.4576,0.1989,
0.6610,-0.4576,0.2468,
0.6949,-0.4576,0.2975,
0.7288,-0.4576,0.3509,
0.7627,-0.4576,0.4071,
0.7966,-0.4576,0.4661,
0.8305,-0.4576,0.5280,
0.8644,-0.4576,0.5928,
0.8983,-0.4576,0.6604,
0.9322,-0.4576,0.7310,
0.9661,-0.4576,0.8045,
1.0000,-0.4576,0.8810,
-1.0000,-0.4237,0.7128,
-0.9661,-0.4237,0.6560,
-0.9322,-0.4237,0.6008,
-0.8983,-0.4237,0.5473,
-0.8644,-0.4237,0.4955,
-0.8305,-0.4237,0.4453,
-0.7966,-0.4237,0.3969,
-0.7627,-0.4237,0.3502,
-0.7288,-0.4237,0.3053,
-0.6949,-0.4237,0.2622,
-0.6610,-0.4237,0.2209,
-0.6271,-0.4237,0.1815,
-0.5932,-0.4237,0.1439,
-0.5593,-0.4237,0.1082,
-0.5254,-0.4237,0.0744,
-0.4915,-0.4237,0.0426,
-0.4576,-0.4237,0.0127,
-0.4237,-0.4237,-0.0152,
-0.3898,-0.4237,-0.0411,
-0.3559,-0.4237,-0.0650,
-0.3220,-0.4237,-0.0868,
-0.2881,-0.4237,-0.1065,
-0.2542,-0.4237,-0.1242,
-0.2203,-0.4237,-0.1397,
-0.1864,-0.4237,-0.1530,
-0.1525,-0.4237,-0.1642,
-0.1186,-0.4237,-0.1732,
-0.0847,-0.4237,-0.1800,
-0.0508,-0.4237,-0.1846,
-0.0169,-0.4237,-0.1869,
0.0169,-0.4237,-0.1869,
0.0508,-0.4237,-0.1846,
0.0847,-0.4237,-0.1799,
0.1186,-0.4237,-0.1729,
0.1525,-0.4237,-0.1635,
0.1864,-0.4237,-0.1517,
0.2203,-0.4237,-0.1375,
0.2542,-0.4237,-0.1209,
0.2881,-0.4237,-0.1017,
0.3220,-0.4237,-0.0801,
0.3559,-0.4237,-0.0560,
0.3898,-0.4237,-0.0293,
0.4237,-0.4237,0.0000,
0.4576,-0.4237,0.0319,
0.4915,-0.4237,0.0663,
0.5254,-0.4237,0.1034,
0.5593,-0.4237,0.1432,
0.5932,-0.4237,0.1856,
0.6271,-0.4237,0.2308,
0.6610,-0.4237,0.2787,
0.6949,-0.4237,0.3293,
0.7288,-0.4237,0.3827,
0.7627,-0.4237,0.4389,
0.7966,-0.4237,0.4980,
0.8305,-0.4237,0.5599,
0.8644,-0.4237,0.6246,
0.8983,-0.4237,0.6923,
0.9322,-0.4237,0.7629,
0.9661,-0.4237,0.8364,
1.0000,-0.4237,0.9128,
-1.0000,-0.3898,0.7421,
-0.9661,-0.3898,0.6853,
-0.9322,-0.3898,0.6301,
-0.8983,-0.3898,0.5766,
-0.8644,-0.3898,0.5247,
-0.8305,-0.3898,0.4746,
-0.7966,-0.3898,0.4261,
-0.7627,-0.3898,0.3795,
-0.7288,-0.3898,0.3346,
-0.6949,-0.3898,0.2915,
-0.6610,-0.3898,0.2502,
-0.6271,-0.3898,0.2107,
-0.5932,-0.3898,0.1731,
-0.5593,-0.3898,0.1375,
-0.5254,-0.3898,0.1037,
-0.4915,-0.3898,0.0718,
-0.4576,-0.3898,0.0419,
-0.4237,-0.3898,0.0140,
-0.3898,-0.3898,-0.0118,
-0.3559,-0.3898,-0.0357,
-0.3220,-0.3898,-0.0575,
-0.2881,-0.3898,-0.0773,
-0.2542,-0.3898,-0.0949,
-0.2203,-0.3898,-0.1104,
-0.1864,-0.3898,-0.1238,
-0.1525,-0.3898,-0.1350,
-0.1186,-0.3898,-0.1440,
-0.0847,-0.3898,-0.1508,
-0.0508,-0.3898,-0.1553,
-0.0169,-0.3898,-0.1576,
0.0169,-0.3898,-0.1576,
0.0508,-0.3898,-0.1553,
0.0847,-0.3898,-0.1506,
0.1186,-0.3898,-0.1436,
0.1525,-0.3898,-0.1343,
0.1864,-0.3898,-0.1225,
0.2203,-0.3898,-0.1083,
0.2542,-0.3898,-0.0916,
0.2881,-0.3898,-0.0725,
0.3220,-0.3898,-0.0508,
0.3559,-0.3898,-0.0267,
0.3898,-0.3898,0.0000,
0.4237,-0.3898,0.0293,
0.4576,-0.3898,0.0611,
0.4915,-0.3898,0.0956,
0.5254,-0.3898,0.1327,
0.5593,-0.3898,0.1724,
0.5932,-0.3898,0.2149,
0.6271,-0.3898,0.2600,
0.6610,-0.3898,0.3079,
0.6949,-0.3898,0.3586,
0.7288,-0.3898,0.4120,
0.7627,-0.3898,0.4682,
0.7966,-0.3898,0.5272,
0.8305,-0.3898,0.5891,
0.8644,-0.3898,0.6539,
0.8983,-0.3898,0.7215,
0.9322,-0.3898,0.7921,
0.9661,-0.3898,0.8656,
1.0000,-0.3898,0.9421,
-1.0000,-0.3559,0.7688,
-0.9661,-0.3559,0.7120,
-0.9322,-0.3559,0.6568,
-0.8983,-0.3559,0.6033,
-0.8644,-0.3559,0.5514,
-0.8305,-0.3559,0.5013,
-0.7966,-0.3559,0.4528,
-0.7627,-0.3559,0.4062,
-0.7288,-0.3559,0.3613,
-0.6949,-0.3559,0.3182,
-0.6610,-0.3559,0.2769,
-0.6271,-0.3559,0.2374,
-0.5932,-0.3559,0.1998,
-0.5593,-0.3559,0.1641,
-0.5254,-0.3559,0.1304,
-0.4915,-0.3559,0.0985,
-0.4576,-0.3559,0.0686,
-0.4237,-0.3559,0.0407,
-0.3898,-0.3559,0.0148,
-0.3559,-0.3559,-0.0090,
-0.3220,-0.3559,-0.0308,
-0.2881,-0.3559,-0.0506,
-0.2542,-0.3559,-0.0682,
-0.2203,-0.3559,-0.0837,
-0.1864,-0.3559,-0.0971,
-0.1525,-0.3559,-0.1083,
-0.1186,-0.3559,-0.1173,
-0.0847,-0.3559,-0.1241,
-0.0508,-0.3559,-0.1286,
-0.0169,-0.3559,-0.1309,
0.0169,-0.3559,-0.1309,
0.0508,-0.3559,-0.1286,
0.0847,-0.3559,-0.1240,
0.1186,-0.3559,-0.1170,
0.1525,-0.3559,-0.1076,
0.1864,-0.3559,-0.0958,
0.2203,-0.3559,-0.0816,
0.2542,-0.3559,-0.0649,
0.2881,-0.3559,-0.0458,
0.3220,-0.3559,-0.0242,
0.3559,-0.3559,-0.0000,
0.3898,-0.3559,0.0267,
0.4237,-0.3559,0.0560,
0.4576,-0.3559,0.0878,
0.4915,-0.3559,0.1223,
0.5254,-0.3559,0.1594,
0.5593,-0.3559,0.1991,
0.5932,-0.3559,0.2416,
0.6271,-0.3559,0.2867,
0.6610,-0.3559,0.3346,
0.6949,-0.3559,0.3853,
0.7288,-0.3559,0.4387,
0.7627,-0.3559,0.4949,
0.7966,-0.3559,0.5539,
0.8305,-0.3559,0.6158,
0.8644,-0.3559,0.6806,
0.8983,-0.3559,0.7482,
0.9322,-0.3559,0.8188,
0.9661,-0.3559,0.8923,
1.0000,-0.3559,0.9688,
-1.0000,-0.3220,0.7930,
-0.9661,-0.3220,0.7361,
-0.9322,-0.3220,0.6809,
-0.8983,-0.3220,0.6274,
-0.8644,-0.3220,0.5756,
-0.8305,-0.3220,0.5254,
-0.7966,-0.3220,0.4770,
-0.7627,-0.3220,0.4303,
-0.7288,-0.3220,0.3854,
-0.6949,-0.3220,0.3423,
-0.6610,-0.3220,0.3010,
-0.6271,-0.3220,0.2616,
-0.5932,-0.3220,0.2240,
-0.5593,-0.3220,0.1883,
-0.5254,-0.3220,0.1545,
-0.4915,-0.3220,0.1227,
-0.4576,-0.3220,0.0928,
-0.4237,-0.3220,0.0649,
-0.3898,-0.3220,0.0390,
-0.3559,-0.3220,0.0151,
-0.3220,-0.3220,-0.0067,
-0.2881,-0.3220,-0.0264,
-0.2542,-0.3220,-0.0441,
-0.2203,-0.3220,-0.0596,
-0.1864,-0.3220,-0.0729,
-0.1525,-0.3220,-0.0841,
-0.1186,-0.3220,-0.0931,
-0.0847,-0.3220,-0.0999,
-0.0508,-0.3220,-0.1045,
-0.0169,-0.3220,-0.1068,
0.0169,-0.3220,-0.1068,
0.0508,-0.3220,-0.1044,
0.0847,-0.3220,-0.0998,
0.1186,-0.3220,-0.0928,
0.1525,-0.3220,-0.0834,
0.1864,-0.3220,-0.0716,
0.2203,-0.3220,-0.0574,
0.2542,-0.3220,-0.0408,
0.2881,-0.3220,-0.0216,
0.3220,-0.3220,0.0000,
0.3559,-0.3220,0.0242,
0.3898,-0.3220,0.0508,
0.4237,-0.3220,0.0801,
0.4576,-0.3220,0.1120,
0.4915,-0.3220,0.1464,
0.5254,-0.3220,0.1835,
0.5593,-0.3220,0.2233,
0.5932,-0.3220,0.2657,
0.6271,-0.3220,0.3109,
0.6610,-0.3220,0.3588,
0.6949,-0.3220,0.4094,
0.7288,-0.3220,0.4628,
0.7627,-0.3220,0.5191,
0.7966,-0.3220,0.5781,
0.8305,-0.3220,0.6400,
0.8644,-0.3220,0.7047,
0.8983,-0.3220,0.7724,
0.9322,-0.3220,0.8430,
0.9661,-0.3220,0.9165,
1.0000,-0.3220,0.9930,
-1.0000,-0.2881,0.8146,
-0.9661,-0.2881,0.7578,
-0.9322,-0.2881,0.7026,
-0.8983,-0.2881,0.6490,
-0.8644,-0.2881,0.5972,
-0.8305,-0.2881,0.5470,
-0.7966,-0.2881,0.4986,
-0.7627,-0.2881,0.4519,
-0.7288,-0.2881,0.4070,
-0.6949,-0.2881,0.3639,
-0.6610,-0.2881,0.3226,
-0.6271,-0.2881,0.2832,
-0.5932,-0.2881,0.2456,
-0.5593,-0.2881,0.2099,
-0.5254,-0.2881,0.1762,
-0.4915,-0.2881,0.1443,
-0.4576,-0.2881,0.1144,
-0.4237,-0.2881,0.0865,
-0.3898,-0.2881,0.0606,
-0.3559,-0.2881,0.0368,
-0.3220,-0.2881,0.0150,
-0.2881,-0.2881,-0.0048,
-0.2542,-0.2881,-0.0224,
-0.2203,-0.2881,-0.0379,
-0.1864,-0.2881,-0.0513,
-0.1525,-0.2881,-0.0625,
-0.1186,-0.2881,-0.0715,
-0.0847,-0.2881,-0.0783,
-0.0508,-0.2881,-0.0828,
-0.0169,-0.2881,-0.0851,
0.0169,-0.2881,-0.0851,
0.0508,-0.2881,-0.0828,
0.0847,-0.2881,-0.0782,
0.1186,-0.2881,-0.0712,
0.1525,-0.2881,-0.0618,
0.1864,-0.2881,-0.0500,
0.2203,-0.2881,-0.0358,
0.2542,-0.2881,-0.0191,
0.2881,-0.2881,-0.0000,
0.3220,-0.2881,0.0216,
0.3559,-0.2881,0.0458,
0.3898,-0.2881,0.0725,
0.4237,-0.2881,0.1017,
0.4576,-0.2881,0.1336,
0.4915,-0.2881,0.1681,
0.5254,-0.2881,0.2052,
0.5593,-0.2881,0.2449,
0.5932,-0.2881,0.2874,
0.6271,-0.2881,0.3325,
0.6610,-0.2881,0.3804,
0.6949,-0.2881,0.4311,
0.7288,-0.2881,0.4845,
0.7627,-0.2881,0.5407,
0.7966,-0.2881,0.5997,
0.8305,-0.2881,0.6616,
0.8644,-0.2881,0.7264,
0.8983,-0.2881,0.7940,
0.9322,-0.2881,0.8646,
0.9661,-0.2881,0.9381,
1.0000,-0.2881,1.0146,
-1.0000,-0.2542,0.8337,
-0.9661,-0.2542,0.7769,
-0.9322,-0.2542,0.7217,
-0.8983,-0.2542,0.6682,
-0.8644,-0.2542,0.6163,
-0.8305,-0.2542,0.5662,
-0.7966,-0.2542,0.5178,
-0.7627,-0.2542,0.4711,
-0.7288,-0.2542,0.4262,
-0.6949,-0.2542,0.3831,
-0.6610,-0.2542,0.3418,
-0.6271,-0.2542,0.3023,
-0.5932,-0.2542,0.2648,
-0.5593,-0.2542,0.2291,
-0.5254,-0.2542,0.1953,
-0.4915,-0.2542,0.1634,
-0.4576,-0.2542,0.1336,
-0.4237,-0.2542,0.1057,
-0.3898,-0.2542,0.0798,
-0.3559,-0.2542,0.0559,
-0.3220,-0.2542,0.0341,
-0.2881,-0.2542,0.0144,
-0.2542,-0.2542,-0.0033,
-0.2203,-0.2542,-0.0188,
-0.1864,-0.2542,-0.0322,
-0.1525,-0.2542,-0.0434,
-0.1186,-0.2542,-0.0524,
-0.0847,-0.2542,-0.0592,
-0.0508,-0.2542,-0.0637,
-0.0169,-0.2542,-0.0660,
0.0169,-0.2542,-0.0660,
0.0508,-0.2542,-0.0637,
0.0847,-0.2542,-0.0590,
0.1186,-0.2542,-0.0520,
0.1525,-0.2542,-0.0427,
0.1864,-0.2542,-0.0309,
0.2203,-0.2542,-0.0167,
0.2542,-0.2542,0.0000,
0.2881,-0.2542,0.0191,
0.3220,-0.2542,0.0408,
0.3559,-0.2542,0.0649,
0.3898,-0.2542,0.0916,
0.4237,-0.2542,0.1209,
0.4576,-0.2542,0.1527,
0.4915,-0.2542,0.1872,
0.5254,-0.2542,0.2243,
0.5593,-0.2542,0.2641,
0.5932,-0.2542,0.3065,
0.6271,-0.2542,0.3517,
0.6610,-0.2542,0.3995,
0.6949,-0.2542,0.4502,
0.7288,-0.2542,0.5036,
0.7627,-0.2542,0.5598,
0.7966,-0.2542,0.6189,
0.8305,-0.2542,0.6807,
0.8644,-0.2542,0.7455,
0.8983,-0.2542,0.8132,
0.9322,-0.2542,0.8837,
0.9661,-0.2542,0.9572,
1.0000,-0.2542,1.0337,
-1.0000,-0.2203,0.8504,
-0.9661,-0.2203,0.7936,
-0.9322,-0.2203,0.7384,
-0.8983,-0.2203,0.6848,
-0.8644,-0.2203,0.6330,
-0.8305,-0.2203,0.5828,
-0.7966,-0.2203,0.5344,
-0.7627,-0.2203,0.4877,
-0.7288,-0.2203,0.4428,
-0.6949,-0.2203,0.3997,
-0.6610,-0.2203,0.3584,
-0.6271,-0.2203,0.3190,
-0.5932,-0.2203,0.2814,
-0.5593,-0.2203,0.2457,
-0.5254,-0.2203,0.2119,
-0.4915,-0.2203,0.1801,
-0.4576,-0.2203,0.1502,
-0.4237,-0.2203,0.1223,
-0.3898,-0.2203,0.0964,
-0.3559,-0.2203,0.0726,
-0.3220,-0.2203,0.0507,
-0.2881,-0.2203,0.0310,
-0.2542,-0.2203,0.0134,
-0.2203,-0.2203,-0.0021,
-0.1864,-0.2203,-0.0155,
-0.1525,-0.2203,-0.0267,
-0.1186,-0.2203,-0.0357,
-0.0847,-0.2203,-0.0425,
-0.0508,-0.2203,-0.0470,
-0.0169,-0.2203,-0.0493,
0.0169,-0.2203,-0.0493,
0.0508,-0.2203,-0.0470,
0.0847,-0.2203,-0.0424,
0.1186,-0.2203,-0.0354,
0.1525,-0.2203,-0.0260,
0.1864,-0.2203,-0.0142,
0.2203,-0.2203,0.0000,
0.2542,-0.2203,0.0167,
0.2881,-0.2203,0.0358,
0.3220,-0.2203,0.0574,
0.3559,-0.2203,0.0816,
0.3898,-0.2203,0.1083,
0.4237,-0.2203,0.1375,
0.4576,-0.2203,0.1694,
0.4915,-0.2203,0.2039,
0.5254,-0.2203,0.2410,
0.5593,-0.2203,0.2807,
0.5932,-0.2203,0.3232,
0.6271,-0.2203,0.3683,
0.6610,-0.2203,0.4162,
0.6949,-0.2203,0.4668,
0.7288,-0.2203,0.5203,
0.7627,-0.2203,0.5765,
0.7966,-0.2203,0.6355,
0.8305,-0.2203,0.6974,
0.8644,-0.2203,0.7622,
0.8983,-0.2203,0.8298,
0.9322,-0.2203,0.9004,
0.9661,-0.2203,0.9739,
1.0000,-0.2203,1.0504,
-1.0000,-0.1864,0.8646,
-0.9661,-0.1864,0.8078,
-0.9322,-0.1864,0.7526,
-0.8983,-0.1864,0.6991,
-0.8644,-0.1864,0.6472,
-0.8305,-0.1864,0.5971,
-0.7966,-0.1864,0.5486,
-0.7627,-0.1864,0.5020,
-0.7288,-0.1864,0.4570,
-0.6949,-0.1864,0.4139,
-0.6610,-0.1864,0.3727,
-0.6271,-0.1864,0.3332,
-0.5932,-0.1864,0.2956,
-0.5593,-0.1864,0.2599,
-0.5254,-0.1864,0.2262,
-0.4915,-0.1864,0.1943,
-0.4576,-0.1864,0.1644,
-0.4237,-0.1864,0.1365,
-0.3898,-0.1864,0.1106,
-0.3559,-0.1864,0.0868,
-0.3220,-0.1864,0.0650,
-0.2881,-0.1864,0.0452,
-0.2542,-0.1864,0.0276,
-0.2203,-0.1864,0.0121,
-0.1864,-0.1864,-0.0013,
-0.1525,-0.1864,-0.0125,
-0.1186,-0.1864,-0.0215,
-0.0847,-0.1864,-0.0283,
-0.0508,-0.1864,-0.0328,
-0.0169,-0.1864,-0.0351,
0.0169,-0.1864,-0.0351,
0.0508,-0.1864,-0.0328,
0.0847,-0.1864,-0.0282,
0.1186,-0.1864,-0.0212,
0.1525,-0.1864,-0.0118,
0.1864,-0.1864,0.0000,
0.2203,-0.1864,0.0142,
0.2542,-0.1864,0.0309,
0.2881,-0.1864,0.0500,
0.3220,-0.1864,0.0716,
0.3559,-0.1864,0.0958,
0.3898,-0.1864,0.1225,
0.4237,-0.1864,0.1517,
0.4576,-0.1864,0.1836,
0.4915,-0.1864,0.2181,
0.5254,-0.1864,0.2552,
0.5593,-0.1864,0.2949,
0.5932,-0.1864,0.3374,
0.6271,-0.1864,0.3825,
0.6610,-0.1864,0.4304,
0.6949,-0.1864,0.4811,
0.7288,-0.1864,0.5345,
0.7627,-0.1864,0.5907,
0.7966,-0.1864,0.6497,
0.8305,-0.1864,0.7116,
0.8644,-0.1864,0.7764,
0.8983,-0.1864,0.8440,
0.9322,-0.1864,0.9146,
0.9661,-0.1864,0.9881,
1.0000,-0.1864,1.0646,
-1.0000,-0.1525,0.8764,
-0.9661,-0.1525,0.8196,
-0.9322,-0.1525,0.7644,
-0.8983,-0.1525,0.7108,
-0.8644,-0.1525,0.6590,
-0.8305,-0.1525,0.6088,
-0.7966,-0.1525,0.5604,
-0.7627,-0.1525,0.5137,
-0.7288,-0.1525,0.4688,
-0.6949,-0.1525,0.4257,
-0.6610,-0.1525,0.3844,
-0.6271,-0.1525,0.3450,
-0.5932,-0.1525,0.3074,
-0.5593,-0.1525,0.2717,
-0.5254,-0.1525,0.2379,
-0.4915,-0.1525,0.2061,
-0.4576,-0.1525,0.1762,
-0.4237,-0.1525,0.1483,
-0.3898,-0.1525,0.1224,
-0.3559,-0.1525,0.0986,
-0.3220,-0.1525,0.0767,
-0.2881,-0.1525,0.0570,
-0.2542,-0.1525,0.0394,
-0.2203,-0.1525,0.0239,
-0.1864,-0.1525,0.0105,
-0.1525,-0.1525,-0.0007,
-0.1186,-0.1525,-0.0097,
-0.0847,-0.1525,-0.0165,
-0.0508,-0.1525,-0.0211,
-0.0169,-0.1525,-0.0233,
0.0169,-0.1525,-0.0233,
0.0508,-0.1525,-0.0210,
0.0847,-0.1525,-0.0164,
0.1186,-0.1525,-0.0094,
0.1525,-0.1525,0.0000,
0.1864,-0.1525,0.0118,
0.2203,-0.1525,0.0260,
0.2542,-0.1525,0.0427,
0.2881,-0.1525,0.0618,
0.3220,-0.1525,0.0834,
0.3559,-0.1525,0.1076,
0.3898,-0.1525,0.1343,
0.4237,-0.1525,0.1635,
0.4576,-0.1525,0.1954,
0.4915,-0.1525,0.2298,
0.5254,-0.1525,0.2670,
0.5593,-0.1525,0.3067,
0.5932,-0.1525,0.3492,
0.6271,-0.1525,0.3943,
0.6610,-0.1525,0.4422,
0.6949,-0.1525,0.4928,
0.7288,-0.1525,0.5463,
0.7627,-0.1525,0.6025,
0.7966,-0.1525,0.6615,
0.8305,-0.1525,0.7234,
0.8644,-0.1525,0.7882,
0.8983,-0.1525,0.8558,
0.9322,-0.1525,0.9264,
0.9661,-0.1525,0.9999,
1.0000,-0.1525,1.0764,
-1.0000,-0.1186,0.8858,
-0.9661,-0.1186,0.8289,
-0.9322,-0.1186,0.7738,
-0.8983,-0.1186,0.7202,
-0.8644,-0.1186,0.6684,
-0.8305,-0.1186,0.6182,
-0.7966,-0.1186,0.5698,
-0.7627,-0.1186,0.5231,
-0.7288,-0.1186,0.4782,
-0.6949,-0.1186,0.4351,
-0.6610,-0.1186,0.3938,
-0.6271,-0.1186,0.3544,
-0.5932,-0.1186,0.3168,
-0.5593,-0.1186,0.2811,
-0.5254,-0.1186,0.2473,
-0.4915,-0.1186,0.2155,
-0.4576,-0.1186,0.1856,
-0.4237,-0.1186,0.1577,
-0.3898,-0.1186,0.1318,
-0.3559,-0.1186,0.1079,
-0.3220,-0.1186,0.0861,
-0.2881,-0.1186,0.0664,
-0.2542,-0.1186,0.0487,
-0.2203,-0.1186,0.0332,
-0.1864,-0.1186,0.0199,
-0.1525,-0.1186,0.0087,
-0.1186,-0.1186,-0.0003,
-0.0847,-0.1186,-0.0071,
-0.0508,-0.1186,-0.0117,
-0.0169,-0.1186,-0.0140,
0.0169,-0.1186,-0.0140,
0.0508,-0.1186,-0.0116,
0.0847,-0.1186,-0.0070,
0.1186,-0.1186,-0.0000,
0.1525,-0.1186,0.0094,
0.1864,-0.1186,0.0212,
0.2203,-0.1186,0.0354,
0.2542,-0.1186,0.0520,
0.2881,-0.1186,0.0712,
0.3220,-0.1186,0.0928,
0.3559,-0.1186,0.1170,
0.3898,-0.1186,0.1436,
0.4237,-0.1186,0.1729,
0.4576,-0.1186,0.2048,
0.4915,-0.1186,0.2392,
0.5254,-0.1186,0.2763,
0.5593,-0.1186,0.3161,
0.5932,-0.1186,0.3585,
0.6271,-0.1186,0.4037,
0.6610,-0.1186,0.4516,
0.6949,-0.1186,0.5022,
0.7288,-0.1186,0.5556,
0.7627,-0.1186,0.6119,
0.7966,-0.1186,0.6709,
0.8305,-0.1186,0.7328,
0.8644,-0.1186,0.7975,
0.8983,-0.1186,0.8652,
0.9322,-0.1186,0.9358,
0.9661,-0.1186,1.0093,
1.0000,-0.1186,1.0858,
-1.0000,-0.0847,0.8928,
-0.9661,-0.0847,0.8359,
-0.9322,-0.0847,0.7808,
-0.8983,-0.0847,0.7272,
-0.8644,-0.0847,0.6754,
-0.8305,-0.0847,0.6252,
-0.7966,-0.0847,0.5768,
-0.7627,-0.0847,0.5301,
-0.7288,-0.0847,0.4852,
-0.6949,-0.0847,0.4421,
-0.6610,-0.0847,0.4008,
-0.6271,-0.0847,0.3614,
-0.5932,-0.0847,0.3238,
-0.5593,-0.0847,0.2881,
-0.5254,-0.0847,0.2543,
-0.4915,-0.0847,0.2225,
-0.4576,-0.0847,0.1926,
-0.4237,-0.0847,0.1647,
-0.3898,-0.0847,0.1388,
-0.3559,-0.0847,0.1149,
-0.3220,-0.0847,0.0931,
-0.2881,-0.0847,0.0734,
-0.2542,-0.0847,0.0558,
-0.2203,-0.0847,0.0402,
-0.1864,-0.0847,0.0269,
-0.1525,-0.0847,0.0157,
-0.1186,-0.0847,0.0067,
-0.0847,-0.0847,-0.0001,
-0.0508,-0.0847,-0.0047,
-0.0169,-0.0847,-0.0070,
0.0169,-0.0847,-0.0070,
0.0508,-0.0847,-0.0046,
0.0847,-0.0847,0.0000,
0.1186,-0.0847,0.0070,
0.1525,-0.0847,0.0164,
0.1864,-0.0847,0.0282,
0.2203,-0.0847,0.0424,
0.2542,-0.0847,0.0590,
0.2881,-0.0847,0.0782,
0.3220,-0.0847,0.0998,
0.3559,-0.0847,0.1240,
0.3898,-0.0847,0.1506,
0.4237,-0.0847,0.1799,
0.4576,-0.0847,0.2118,
0.4915,-0.0847,0.2462,
0.5254,-0.0847,0.2833,
0.5593,-0.0847,0.3231,
0.5932,-0.0847,0.3655,
0.6271,-0.0847,0.4107,
0.6610,-0.0847,0.4586,
0.6949,-0.0847,0.5092,
0.7288,-0.0847,0.5626,
0.7627,-0.0847,0.6189,
0.7966,-0.0847,0.6779,
0.8305,-0.0847,0.7398,
0.8644,-0.0847,0.8045,
0.8983,-0.0847,0.8722,
0.9322,-0.0847,0.9428,
0.9661,-0.0847,1.0163,
1.0000,-0.0847,1.0928,
-1.0000,-0.0508,0.8974,
-0.9661,-0.0508,0.8406,
-0.9322,-0.0508,0.7854,
-0.8983,-0.0508,0.7319,
-0.8644,-0.0508,0.6800,
-0.8305,-0.0508,0.6299,
-0.7966,-0.0508,0.5814,
-0.7627,-0.0508,0.5348,
-0.7288,-0.0508,0.4899,
-0.6949,-0.0508,0.4468,
-0.6610,-0.0508,0.4055,
-0.6271,-0.0508,0.3660,
-0.5932,-0.0508,0.3284,
-0.5593,-0.0508,0.2927,
-0.5254,-0.0508,0.2590,
-0.4915,-0.0508,0.2271,
-0.4576,-0.0508,0.1972,
-0.4237,-0.0508,0.1693,
-0.3898,-0.0508,0.1434,
-0.3559,-0.0508,0.1196,
-0.3220,-0.0508,0.0978,
-0.2881,-0.0508,0.0780,
-0.2542,-0.0508,0.0604,
-0.2203,-0.0508,0.0449,
-0.1864,-0.0508,0.0315,
-0.1525,-0.0508,0.0203,
-0.1186,-0.0508,0.0113,
-0.0847,-0.0508,0.0045,
-0.0508,-0.0508,-0.0000,
-0.0169,-0.0508,-0.0023,
0.0169,-0.0508,-0.0023,
0.0508,-0.0508,0.0000,
0.0847,-0.0508,0.0046,
0.1186,-0.0508,0.0116,
0.1525,-0.0508,0.0210,
0.1864,-0.0508,0.0328,
0.2203,-0.0508,0.0470,
0.2542,-0.0508,0.0637,
0.2881,-0.0508,0.0828,
0.3220,-0.0508,0.1044,
0.3559,-0.0508,0.1286,
0.3898,-0.0508,0.1553,
0.4237,-0.0508,0.1846,
0.4576,-0.0508,0.2164,
0.4915,-0.0508,0.2509,
0.5254,-0.0508,0.2880,
0.5593,-0.0508,0.3277,
0.5932,-0.0508,0.3702,
0.6271,-0.0508,0.4153,
0.6610,-0.0508,0.4632,
0.6949,-0.0508,0.5139,
0.7288,-0.0508,0.5673,
0.7627,-0.0508,0.6235,
0.7966,-0.0508,0.6825,
0.8305,-0.0508,0.7444,
0.8644,-0.0508,0.8092,
0.8983,-0.0508,0.8768,
0.9322,-0.0508,0.9474,
0.9661,-0.0508,1.0209,
1.0000,-0.0508,1.0974,
-1.0000,-0.0169,0.8997,
-0.9661,-0.0169,0.8429,
-0.9322,-0.0169,0.7877,
-0.8983,-0.0169,0.7342,
-0.8644,-0.0169,0.6823,
-0.8305,-0.0169,0.6322,
-0.7966,-0.0169,0.5837,
-0.7627,-0.0169,0.5371,
-0.7288,-0.0169,0.4922,
-0.6949,-0.0169,0.4491,
-0.6610,-0.0169,0.4078,
-0.6271,-0.0169,0.3683,
-0.5932,-0.0169,0.3307,
-0.5593,-0.0169,0.2951,
-0.5254,-0.0169,0.2613,
-0.4915,-0.0169,0.2294,
-0.4576,-0.0169,0.1996,
-0.4237,-0.0169,0.1717,
-0.3898,-0.0169,0.1458,
-0.3559,-0.0169,0.1219,
-0.3220,-0.0169,0.1001,
-0.2881,-0.0169,0.0803,
-0.2542,-0.0169,0.0627,
-0.2203,-0.0169,0.0472,
-0.1864,-0.0169,0.0338,
-0.1525,-0.0169,0.0226,
-0.1186,-0.0169,0.0136,
-0.0847,-0.0169,0.0068,
-0.0508,-0.0169,0.0023,
-0.0169,-0.0169,-0.0000,
0.0169,-0.0169,0.0000,
0.0508,-0.0169,0.0023,
0.0847,-0.0169,0.0070,
0.1186,-0.0169,0.0140,
0.1525,-0.0169,0.0233,
0.1864,-0.0169,0.0351,
0.2203,-0.0169,0.0493,
0.2542,-0.0169,0.0660,
0.2881,-0.0169,0.0851,
0.3220,-0.0169,0.1068,
0.3559,-0.0169,0.1309,
0.3898,-0.0169,0.1576,
0.4237,-0.0169,0.1869,
0.4576,-0.0169,0.2187,
0.4915,-0.0169,0.2532,
0.5254,-0.0169,0.2903,
0.5593,-0.0169,0.3301,
0.5932,-0.0169,0.3725,
0.6271,-0.0169,0.4177,
0.6610,-0.0169,0.4655,
0.6949,-0.0169,0.5162,
0.7288,-0.0169,0.5696,
0.7627,-0.0169,0.6258,
0.7966,-0.0169,0.6849,
0.8305,-0.0169,0.7467,
0.8644,-0.0169,0.8115,
0.8983,-0.0169,0.8792,
0.9322,-0.0169,0.9497,
0.9661,-0.0169,1.0232,
1.0000,-0.0169,1.0997,
-1.0000,0.0169,0.8997,
-0.9661,0.0169,0.8429,
-0.9322,0.0169,0.7877,
-0.8983,0.0169,0.7342,
-0.8644,0.0169,0.6823,
-0.8305,0.0169,0.6322,
-0.7966,0.0169,0.5837,
-0.7627,0.0169,0.5371,
-0.7288,0.0169,0.4922,
-0.6949,0.0169,0.4491,
-0.6610,0.0169,0.4078,
-0.6271,0.0169,0.3683,
-0.5932,0.0169,0.3307,
-0.5593,0.0169,0.2951,
-0.5254,0.0169,0.2613,
-0.4915,0.0169,0.2294,
-0.4576,0.0169,0.1996,
-0.4237,0.0169,0.1717,
-0.3898,0.0169,0.1458,
-0.3559,0.0169,0.1219,
-0.3220,0.0169,0.1001,
-0.2881,0.0169,0.0803,
-0.2542,0.0169,0.0627,
-0.2203,0.0169,0.0472,
-0.1864,0.0169,0.0338,
-0.1525,0.0169,0.0226,
-0.1186,0.0169,0.0136,
-0.0847,0.0169,0.0068,
-0.0508,0.0169,0.0023,
-0.0169,0.0169,0.0000,
0.0169,0.0169,0.0000,
0.0508,0.0169,0.0023,
0.0847,0.0169,0.0070,
0.1186,0.0169,0.0140,
0.1525,0.0169,0.0233,
0.1864,0.0169,0.0351,
0.2203,0.0169,0.0493,
0.2542,0.0169,0.0660,
0.2881,0.0169,0.0851,
0.3220,0.0169,0.1068,
0.3559,0.0169,0.1309,
0.3898,0.0169,0.1576,
0.4237,0.0169,0.1869,
0.4576,0.0169,0.2187,
0.4915,0.0169,0.2532,
0.5254,0.0169,0.2903,
0.5593,0.0169,0.3301,
0.5932,0.0169,0.3725,
0.6271,0.0169,0.4177,
0.6610,0.0169,0.4655,
0.6949,0.0169,0.5162,
0.7288,0.0169,0.5696,
0.7627,0.0169,0.6258,
0.7966,0.0169,0.6849,
0.8305,0.0169,0.7467,
0.8644,0.0169,0.8115,
0.8983,0.0169,0.8792,
0.9322,0.0169,0.9497,
0.9661,0.0169,1.0232,
1.0000,0.0169,1.0997,
-1.0000,0.0508,0.8974,
-0.9661,0.0508,0.8406,
-0.9322,0.0508,0.7854,
-0.8983,0.0508,0.7319,
-0.8644,0.0508,0.6800,
-0.8305,0.0508,0.6299,
-0.7966,0.0508,0.5815,
-0.7627,0.0508,0.5348,
-0.7288,0.0508,0.4899,
-0.6949,0.0508,0.4468,
-0.6610,0.0508,0.4055,
-0.6271,0.0508,0.3660,
-0.5932,0.0508,0.3285,
-0.5593,0.0508,0.2928,
-0.5254,0.0508,0.2590,
-0.4915,0.0508,0.2271,
-0.4576,0.0508,0.1973,
-0.4237,0.0508,0.1694,
-0.3898,0.0508,0.1435,
-0.3559,0.0508,0.1196,
-0.3220,0.0508,0.0978,
-0.2881,0.0508,0.0781,
-0.2542,0.0508,0.0604,
-0.2203,0.0508,0.0449,
-0.1864,0.0508,0.0315,
-0.1525,0.0508,0.0203,
-0.1186,0.0508,0.0113,
-0.0847,0.0508,0.0045,
-0.0508,0.0508,-0.0000,
-0.0169,0.0508,-0.0023,
0.0169,0.0508,-0.0023,
0.0508,0.0508,0.0000,
0.0847,0.0508,0.0047,
0.1186,0.0508,0.0117,
0.1525,0.0508,0.0211,
0.1864,0.0508,0.0328,
0.2203,0.0508,0.0470,
0.2542,0.0508,0.0637,
0.2881,0.0508,0.0828,
0.3220,0.0508,0.1045,
0.3559,0.0508,0.1286,
0.3898,0.0508,0.1553,
0.4237,0.0508,0.1846,
0.4576,0.0508,0.2164,
0.4915,0.0508,0.2509,
0.5254,0.0508,0.2880,
0.5593,0.0508,0.3278,
0.5932,0.0508,0.3702,
0.6271,0.0508,0.4154,
0.6610,0.0508,0.4633,
0.6949,0.0508,0.5139,
0.7288,0.0508,0.5673,
0.7627,0.0508,0.6235,
0.7966,0.0508,0.6826,
0.8305,0.0508,0.7445,
0.8644,0.0508,0.8092,
0.8983,0.0508,0.8769,
0.9322,0.0508,0.9474,
0.9661,0.0508,1.0210,
1.0000,0.0508,1.0974,
-1.0000,0.0847,0.8929,
-0.9661,0.0847,0.8361,
-0.9322,0.0847,0.7809,
-0.8983,0.0847,0.7273,
-0.8644,0.0847,0.6755,
-0.8305,0.0847,0.6253,
-0.7966,0.0847,0.5769,
-0.7627,0.0847,0.5302,
-0.7288,0.0847,0.4853,
-0.6949,0.0847,0.4422,
-0.6610,0.0847,0.4009,
-0.6271,0.0847,0.3615,
-0.5932,0.0847,0.3239,
-0.5593,0.0847,0.2882,
-0.5254,0.0847,0.2544,
-0.4915,0.0847,0.2226,
-0.4576,0.0847,0.1927,
-0.4237,0.0847,0.1648,
-0.3898,0.0847,0.1389,
-0.3559,0.0847,0.1151,
-0.3220,0.0847,0.0932,
-0.2881,0.0847,0.0735,
-0.2542,0.0847,0.0559,
-0.2203,0.0847,0.0404,
-0.1864,0.0847,0.0270,
-0.1525,0.0847,0.0158,
-0.1186,0.0847,0.0068,
-0.0847,0.0847,0.0000,
-0.0508,0.0847,-0.0045,
-0.0169,0.0847,-0.0068,
0.0169,0.0847,-0.0068,
0.0508,0.0847,-0.0045,
0.0847,0.0847,0.0001,
0.1186,0.0847,0.0071,
0.1525,0.0847,0.0165,
0.1864,0.0847,0.0283,
0.2203,0.0847,0.0425,
0.2542,0.0847,0.0592,
0.2881,0.0847,0.0783,
0.3220,0.0847,0.0999,
0.3559,0.0847,0.1241,
0.3898,0.0847,0.1508,
0.4237,0.0847,0.1800,
0.4576,0.0847,0.2119,
0.4915,0.0847,0.2464,
0.5254,0.0847,0.2835,
0.5593,0.0847,0.3232,
0.5932,0.0847,0.3657,
0.6271,0.0847,0.4108,
0.6610,0.0847,0.4587,
0.6949,0.0847,0.5093,
0.7288,0.0847,0.5628,
0.7627,0.0847,0.6190,
0.7966,0.0847,0.6780,
0.8305,0.0847,0.7399,
0.8644,0.0847,0.8047,
0.8983,0.0847,0.8723,
0.9322,0.0847,0.9429,
0.9661,0.0847,1.0164,
1.0000,0.0847,1.0929,
-1.0000,0.1186,0.8861,
-0.9661,0.1186,0.8293,
-0.9322,0.1186,0.7741,
-0.8983,0.1186,0.7206,
-0.8644,0.1186,0.6687,
-0.8305,0.1186,0.6186,
-0.7966,0.1186,0.5701,
-0.7627,0.1186,0.5235,
-0.7288,0.1186,0.4785,
-0.6949,0.1186,0.4354,
-0.6610,0.1186,0.3942,
-0.6271,0.1186,0.3547,
-0.5932,0.1186,0.3171,
-0.5593,0.1186,0.2814,
-0.5254,0.1186,0.2477,
-0.4915,0.1186,0.2158,
-0.4576,0.1186,0.1859,
-0.4237,0.1186,0.1580,
-0.3898,0.1186,0.1321,
-0.3559,0.1186,0.1083,
-0.3220,0.1186,0.0865,
-0.2881,0.1186,0.0667,
-0.2542,0.1186,0.0491,
-0.2203,0.1186,0.0336,
-0.1864,0.1186,0.0202,
-0.1525,0.1186,0.0090,
-0.1186,0.1186,0.0000,
-0.0847,0.1186,-0.0068,
-0.0508,0.1186,-0.0113,
-0.0169,0.1186,-0.0136,
0.0169,0.1186,-0.0136,
0.0508,0.1186,-0.0113,
0.0847,0.1186,-0.0067,
0.1186,0.1186,0.0003,
0.1525,0.1186,0.0097,
0.1864,0.1186,0.0215,
0.2203,0.1186,0.0357,
0.2542,0.1186,0.0524,
0.2881,0.1186,0.0715,
0.3220,0.1186,0.0931,
0.3559,0.1186,0.1173,
0.3898,0.1186,0.1440,
0.4237,0.1186,0.1732,
0.4576,0.1186,0.2051,
0.4915,0.1186,0.2396,
0.5254,0.1186,0.2767,
0.5593,0.1186,0.3164,
0.5932,0.1186,0.3589,
0.6271,0.1186,0.4040,
0.6610,0.1186,0.4519,
0.6949,0.1186,0.5026,
0.7288,0.1186,0.5560,
0.7627,0.1186,0.6122,
0.7966,0.1186,0.6712,
0.8305,0.1186,0.7331,
0.8644,0.1186,0.7979,
0.8983,0.1186,0.8655,
0.9322,0.1186,0.9361,
0.9661,0.1186,1.0096,
1.0000,0.1186,1.0861,
-1.0000,0.1525,0.8771,
-0.9661,0.1525,0.8203,
-0.9322,0.1525,0.7651,
-0.8983,0.1525,0.7115,
-0.8644,0.1525,0.6597,
-0.8305,0.1525,0.6095,
-0.7966,0.1525,0.5611,
-0.7627,0.1525,0.5144,
-0.7288,0.1525,0.4695,
-0.6949,0.1525,0.4264,
-0.6610,0.1525,0.3851,
-0.6271,0.1525,0.3457,
-0.5932,0.1525,0.3081,
-0.5593,0.1525,0.2724,
-0.5254,0.1525,0.2387,
-0.4915,0.1525,0.2068,
-0.4576,0.1525,0.1769,
-0.4237,0.1525,0.1490,
-0.3898,0.1525,0.1231,
-0.3559,0.1525,0.0993,
-0.3220,0.1525,0.0775,
-0.2881,0.1525,0.0577,
-0.2542,0.1525,0.0401,
-0.2203,0.1525,0.0246,
-0.1864,0.1525,0.0112,
-0.1525,0.1525,0.0000,
-0.1186,0.1525,-0.0090,
-0.0847,0.1525,-0.0158,
-0.0508,0.1525,-0.0203,
-0.0169,0.1525,-0.0226,
0.0169,0.1525,-0.0226,
0.0508,0.1525,-0.0203,
0.0847,0.1525,-0.0157,
0.1186,0.1525,-0.0087,
0.1525,0.1525,0.0007,
0.1864,0.1525,0.0125,
0.2203,0.1525,0.0267,
0.2542,0.1525,0.0434,
0.2881,0.1525,0.0625,
0.3220,0.1525,0.0841,
0.3559,0.1525,0.1083,
0.3898,0.1525,0.1350,
0.4237,0.1525,0.1642,
0.4576,0.1525,0.1961,
0.4915,0.1525,0.2306,
0.5254,0.1525,0.2677,
0.5593,0.1525,0.3074,
0.5932,0.1525,0.3499,
0.6271,0.1525,0.3950,
0.6610,0.1525,0.4429,
0.6949,0.1525,0.4936,
0.7288,0.1525,0.5470,
0.7627,0.1525,0.6032,
0.7966,0.1525,0.6622,
0.8305,0.1525,0.7241,
0.8644,0.1525,0.7889,
0.8983,0.1525,0.8565,
0.9322,0.1525,0.9271,
0.9661,0.1525,1.0006,
1.0000,0.1525,1.0771,
-1.0000,0.1864,0.8659,
-0.9661,0.1864,0.8091,
-0.9322,0.1864,0.7539,
-0.8983,0.1864,0.7004,
-0.8644,0.1864,0.6485,
-0.8305,0.1864,0.5983,
-0.7966,0.1864,0.5499,
-0.7627,0.1864,0.5032,
-0.7288,0.1864,0.4583,
-0.6949,0.1864,0.4152,
-0.6610,0.1864,0.3739,
-0.6271,0.1864,0.3345,
-0.5932,0.1864,0.2969,
-0.5593,0.1864,0.2612,
-0.5254,0.1864,0.2275,
-0.4915,0.1864,0.1956,
-0.4576,0.1864,0.1657,
-0.4237,0.1864,0.1378,
-0.3898,0.1864,0.1119,
-0.3559,0.1864,0.0881,
-0.3220,0.1864,0.0663,
-0.2881,0.1864,0.0465,
-0.2542,0.1864,0.0289,
-0.2203,0.1864,0.0134,
-0.1864,0.1864,0.0000,
-0.1525,0.1864,-0.0112,
-0.1186,0.1864,-0.0202,
-0.0847,0.1864,-0.0270,
-0.0508,0.1864,-0.0315,
-0.0169,0.1864,-0.0338,
0.0169,0.1864,-0.0338,
0.0508,0.1864,-0.0315,
0.0847,0.1864,-0.0269,
0.1186,0.1864,-0.0199,
0.1525,0.1864,-0.0105,
0.1864,0.1864,0.0013,
0.2203,0.1864,0.0155,
0.2542,0.1864,0.0322,
0.2881,0.1864,0.0513,
0.3220,0.1864,0.0729,
0.3559,0.1864,0.0971,
0.3898,0.1864,0.1238,
0.4237,0.1864,0.1530,
0.4576,0.1864,0.1849,
0.4915,0.1864,0.2194,
0.5254,0.1864,0.2565,
0.5593,0.1864,0.2962,
0.5932,0.1864,0.3387,
0.6271,0.1864,0.3838,
0.6610,0.1864,0.4317,
0.6949,0.1864,0.4824,
0.7288,0.1864,0.5358,
0.7627,0.1864,0.5920,
0.7966,0.1864,0.6510,
0.8305,0.1864,0.7129,
0.8644,0.1864,0.7777,
0.8983,0.1864,0.8453,
0.9322,0.1864,0.9159,
0.9661,0.1864,0.9894,
1.0000,0.1864,1.0659,
-1.0000,0.2203,0.8525,
-0.9661,0.2203,0.7957,
-0.9322,0.2203,0.7405,
-0.8983,0.2203,0.6870,
-0.8644,0.2203,0.6351,
-0.8305,0.2203,0.5850,
-0.7966,0.2203,0.5366,
-0.7627,0.2203,0.4899,
-0.7288,0.2203,0.4450,
-0.6949,0.2203,0.4019,
-0.6610,0.2203,0.3606,
-0.6271,0.2203,0.3211,
-0.5932,0.2203,0.2836,
-0.5593,0.2203,0.2479,
-0.5254,0.2203,0.2141,
-0.4915,0.2203,0.1822,
-0.4576,0.2203,0.1524,
-0.4237,0.2203,0.1245,
-0.3898,0.2203,0.0986,
-0.3559,0.2203,0.0747,
-0.3220,0.2203,0.0529,
-0.2881,0.2203,0.0332,
-0.2542,0.2203,0.0155,
-0.2203,0.2203,-0.0000,
-0.1864,0.2203,-0.0134,
-0.1525,0.2203,-0.0246,
-0.1186,0.2203,-0.0336,
-0.0847,0.2203,-0.0404,
-0.0508,0.2203,-0.0449,
-0.0169,0.2203,-0.0472,
0.0169,0.2203,-0.0472,
0.0508,0.2203,-0.0449,
0.0847,0.2203,-0.0402,
0.1186,0.2203,-0.0332,
0.1525,0.2203,-0.0239,
0.1864,0.2203,-0.0121,
0.2203,0.2203,0.0021,
0.2542,0.2203,0.0188,
0.2881,0.2203,0.0379,
0.3220,0.2203,0.0596,
0.3559,0.2203,0.0837,
0.3898,0.2203,0.1104,
0.4237,0.2203,0.1397,
0.4576,0.2203,0.1715,
0.4915,0.2203,0.2060,
0.5254,0.2203,0.2431,
0.5593,0.2203,0.2829,
0.5932,0.2203,0.3253,
0.6271,0.2203,0.3705,
0.6610,0.2203,0.4183,
0.6949,0.2203,0.4690,
0.7288,0.2203,0.5224,
0.7627,0.2203,0.5786,
0.7966,0.2203,0.6377,
0.8305,0.2203,0.6995,
0.8644,0.2203,0.7643,
0.8983,0.2203,0.8320,
0.9322,0.2203,0.9025,
0.9661,0.2203,0.9760,
1.0000,0.2203,1.0525,
-1.0000,0.2542,0.8370,
-0.9661,0.2542,0.7802,
-0.9322,0.2542,0.7250,
-0.8983,0.2542,0.6715,
-0.8644,0.2542,0.6196,
-0.8305,0.2542,0.5695,
-0.7966,0.2542,0.5210,
-0.7627,0.2542,0.4744,
-0.7288,0.2542,0.4295,
-0.6949,0.2542,0.3864,
-0.6610,0.2542,0.3451,
-0.6271,0.2542,0.3056,
-0.5932,0.2542,0.2680,
-0.5593,0.2542,0.2323,
-0.5254,0.2542,0.1986,
-0.4915,0.2542,0.1667,
-0.4576,0.2542,0.1368,
-0.4237,0.2542,0.1089,
-0.3898,0.2542,0.0831,
-0.3559,0.2542,0.0592,
-0.3220,0.2542,0.0374,
-0.2881,0.2542,0.0176,
-0.2542,0.2542,0.0000,
-0.2203,0.2542,-0.0155,
-0.1864,0.2542,-0.0289,
-0.1525,0.2542,-0.0401,
-0.1186,0.2542,-0.0491,
-0.0847,0.2542,-0.0559,
-0.0508,0.2542,-0.0604,
-0.0169,0.2542,-0.0627,
0.0169,0.2542,-0.0627,
0.0508,0.2542,-0.0604,
0.0847,0.2542,-0.0558,
0.1186,0.2542,-0.0487,
0.1525,0.2542,-0.0394,
0.1864,0.2542,-0.0276,
0.2203,0.2542,-0.0134,
0.2542,0.2542,0.0033,
0.2881,0.2542,0.0224,
0.3220,0.2542,0.0441,
0.3559,0.2542,0.0682,
0.3898,0.2542,0.0949,
0.4237,0.2542,0.1242,
0.4576,0.2542,0.1560,
0.4915,0.2542,0.1905,
0.5254,0.2542,0.2276,
0.5593,0.2542,0.2673,
0.5932,0.2542,0.3098,
0.6271,0.2542,0.3549,
0.6610,0.2542,0.4028,
0.6949,0.2542,0.4535,
0.7288,0.2542,0.5069,
0.7627,0.2542,0.5631,
0.7966,0.2542,0.6221,
0.8305,0.2542,0.6840,
0.8644,0.2542,0.7488,
0.8983,0.2542,0.8164,
0.9322,0.2542,0.8870,
0.9661,0.2542,0.9605,
1.0000,0.2542,1.0370,
-1.0000,0.2881,0.8194,
-0.9661,0.2881,0.7626,
-0.9322,0.2881,0.7074,
-0.8983,0.2881,0.6538,
-0.8644,0.2881,0.6020,
-0.8305,0.2881,0.5518,
-0.7966,0.2881,0.5034,
-0.7627,0.2881,0.4567,
-0.7288,0.2881,0.4118,
-0.6949,0.2881,0.3687,
-0.6610,0.2881,0.3274,
-0.6271,0.2881,0.2880,
-0.5932,0.2881,0.2504,
-0.5593,0.2881,0.2147,
-0.5254,0.2881,0.1809,
-0.4915,0.2881,0.1491,
-0.4576,0.2881,0.1192,
-0.4237,0.2881,0.0913,
-0.3898,0.2881,0.0654,
-0.3559,0.2881,0.0415,
-0.3220,0.2881,0.0197,
-0.2881,0.2881,0.0000,
-0.2542,0.2881,-0.0176,
-0.2203,0.2881,-0.0332,
-0.1864,0.2881,-0.0465,
-0.1525,0.2881,-0.0577,
-0.1186,0.2881,-0.0667,
-0.0847,0.2881,-0.0735,
-0.0508,0.2881,-0.0781,
-0.0169,0.2881,-0.0803,
0.0169,0.2881,-0.0803,
0.0508,0.2881,-0.0780,
0.0847,0.2881,-0.0734,
0.1186,0.2881,-0.0664,
0.1525,0.2881,-0.0570,
0.1864,0.2881,-0.0452,
0.2203,0.2881,-0.0310,
0.2542,0.2881,-0.0144,
0.2881,0.2881,0.0048,
0.3220,0.2881,0.0264,
0.3559,0.2881,0.0506,
0.3898,0.2881,0.0773,
0.4237,0.2881,0.1065,
0.4576,0.2881,0.1384,
0.4915,0.2881,0.1728,
0.5254,0.2881,0.2099,
0.5593,0.2881,0.2497,
0.5932,0.2881,0.2922,
0.6271,0.2881,0.3373,
0.6610,0.2881,0.3852,
0.6949,0.2881,0.4358,
0.7288,0.2881,0.4893,
0.7627,0.2881,0.5455,
0.7966,0.2881,0.6045,
0.8305,0.2881,0.6664,
0.8644,0.2881,0.7312,
0.8983,0.2881,0.7988,
0.9322,0.2881,0.8694,
0.9661,0.2881,0.9429,
1.0000,0.2881,1.0194,
-1.0000,0.3220,0.7996,
-0.9661,0.3220,0.7428,
-0.9322,0.3220,0.6876,
-0.8983,0.3220,0.6341,
-0.8644,0.3220,0.5822,
-0.8305,0.3220,0.5321,
-0.7966,0.3220,0.4837,
-0.7627,0.3220,0.4370,
-0.7288,0.3220,0.3921,
-0.6949,0.3220,0.3490,
-0.6610,0.3220,0.3077,
-0.6271,0.3220,0.2682,
-0.5932,0.3220,0.2307,
-0.5593,0.3220,0.1950,
-0.5254,0.3220,0.1612,
-0.4915,0.3220,0.1294,
-0.4576,0.3220,0.0995,
-0.4237,0.3220,0.0716,
-0.3898,0.3220,0.0457,
-0.3559,0.3220,0.0218,
-0.3220,0.3220,0.0000,
-0.2881,0.3220,-0.0197,
-0.2542,0.3220,-0.0374,
-0.2203,0.3220,-0.0529,
-0.1864,0.3220,-0.0663,
-0.1525,0.3220,-0.0775,
-0.1186,0.3220,-0.0865,
-0.0847,0.3220,-0.0932,
-0.0508,0.3220,-0.0978,
-0.0169,0.3220,-0.1001,
0.0169,0.3220,-0.1001,
0.0508,0.3220,-0.0978,
0.0847,0.3220,-0.0931,
0.1186,0.3220,-0.0861,
0.1525,0.3220,-0.0767,
0.1864,0.3220,-0.0650,
0.2203,0.3220,-0.0507,
0.2542,0.3220,-0.0341,
0.2881,0.3220,-0.0150,
0.3220,0.3220,0.0067,
0.3559,0.3220,0.0308,
0.3898,0.3220,0.0575,
0.4237,0.3220,0.0868,
0.4576,0.3220,0.1186,
0.4915,0.3220,0.1531,
0.5254,0.3220,0.1902,
0.5593,0.3220,0.2300,
0.5932,0.3220,0.2724,
0.6271,0.3220,0.3176,
0.6610,0.3220,0.3655,
0.6949,0.3220,0.4161,
0.7288,0.3220,0.4695,
0.7627,0.3220,0.5257,
0.7966,0.3220,0.5848,
0.8305,0.3220,0.6467,
0.8644,0.3220,0.7114,
0.8983,0.3220,0.7791,
0.9322,0.3220,0.8496,
0.9661,0.3220,0.9232,
1.0000,0.3220,0.9996,
-1.0000,0.3559,0.7778,
-0.9661,0.3559,0.7210,
-0.9322,0.3559,0.6658,
-0.8983,0.3559,0.6123,
-0.8644,0.3559,0.5604,
-0.8305,0.3559,0.5103,
-0.7966,0.3559,0.4619,
-0.7627,0.3559,0.4152,
-0.7288,0.3559,0.3703,
-0.6949,0.3559,0.3272,
-0.6610,0.3559,0.2859,
-0.6271,0.3559,0.2464,
-0.5932,0.3559,0.2089,
-0.5593,0.3559,0.1732,
-0.5254,0.3559,0.1394,
-0.4915,0.3559,0.1075,
-0.4576,0.3559,0.0777,
-0.4237,0.3559,0.0498,
-0.3898,0.3559,0.0239,
-0.3559,0.3559,0.0000,
-0.3220,0.3559,-0.0218,
-0.2881,0.3559,-0.0415,
-0.2542,0.3559,-0.0592,
-0.2203,0.3559,-0.0747,
-0.1864,0.3559,-0.0881,
-0.1525,0.3559,-0.0993,
-0.1186,0.3559,-0.1083,
-0.0847,0.3559,-0.1151,
-0.0508,0.3559,-0.1196,
-0.0169,0.3559,-0.1219,
0.0169,0.3559,-0.1219,
0.0508,0.3559,-0.1196,
0.0847,0.3559,-0.1149,
0.1186,0.3559,-0.1079,
0.1525,0.3559,-0.0986,
0.1864,0.3559,-0.0868,
0.2203,0.3559,-0.0726,
0.2542,0.3559,-0.0559,
0.2881,0.3559,-0.0368,
0.3220,0.3559,-0.0151,
0.3559,0.3559,0.0090,
0.3898,0.3559,0.0357,
0.4237,0.3559,0.0650,
0.4576,0.3559,0.0968,
0.4915,0.3559,0.1313,
0.5254,0.3559,0.1684,
0.5593,0.3559,0.2082,
0.5932,0.3559,0.2506,
0.6271,0.3559,0.2958,
0.6610,0.3559,0.3436,
0.6949,0.3559,0.3943,
0.7288,0.3559,0.4477,
0.7627,0.3559,0.5039,
0.7966,0.3559,0.5630,
0.8305,0.3559,0.6248,
0.8644,0.3559,0.6896,
0.8983,0.3559,0.7573,
0.9322,0.3559,0.8278,
0.9661,0.3559,0.9013,
1.0000,0.3559,0.9778,
-1.0000,0.3898,0.7540,
-0.9661,0.3898,0.6971,
-0.9322,0.3898,0.6420,
-0.8983,0.3898,0.5884,
-0.8644,0.3898,0.5366,
-0.8305,0.3898,0.4864,
-0.7966,0.3898,0.4380,
-0.7627,0.3898,0.3913,
-0.7288,0.3898,0.3464,
-0.6949,0.3898,0.3033,
-0.6610,0.3898,0.2620,
-0.6271,0.3898,0.2226,
-0.5932,0.3898,0.1850,
-0.5593,0.3898,0.1493,
-0.5254,0.3898,0.1155,
-0.4915,0.3898,0.0837,
-0.4576,0.3898,0.0538,
-0.4237,0.3898,0.0259,
-0.3898,0.3898,-0.0000,
-0.3559,0.3898,-0.0239,
-0.3220,0.3898,-0.0457,
-0.2881,0.3898,-0.0654,
-0.2542,0.3898,-0.0831,
-0.2203,0.3898,-0.0986,
-0.1864,0.3898,-0.1119,
-0.1525,0.3898,-0.1231,
-0.1186,0.3898,-0.1321,
-0.0847,0.3898,-0.1389,
-0.0508,0.3898,-0.1435,
-0.0169,0.3898,-0.1458,
0.0169,0.3898,-0.1458,
0.0508,0.3898,-0.1434,
0.0847,0.3898,-0.1388,
0.1186,0.3898,-0.1318,
0.1525,0.3898,-0.1224,
0.1864,0.3898,-0.1106,
0.2203,0.3898,-0.0964,
0.2542,0.3898,-0.0798,
0.2881,0.3898,-0.0606,
0.3220,0.3898,-0.0390,
0.3559,0.3898,-0.0148,
0.3898,0.3898,0.0118,
0.4237,0.3898,0.0411,
0.4576,0.3898,0.0730,
0.4915,0.3898,0.1074,
0.5254,0.3898,0.1445,
0.5593,0.3898,0.1843,
0.5932,0.3898,0.2267,
0.6271,0.3898,0.2719,
0.6610,0.3898,0.3198,
0.6949,0.3898,0.3704,
0.7288,0.3898,0.4238,
0.7627,0.3898,0.4801,
0.7966,0.3898,0.5391,
0.8305,0.3898,0.6010,
0.8644,0.3898,0.6657,
0.8983,0.3898,0.7334,
0.9322,0.3898,0.8040,
0.9661,0.3898,0.8775,
1.0000,0.3898,0.9540,
-1.0000,0.4237,0.7281,
-0.9661,0.4237,0.6712,
-0.9322,0.4237,0.6161,
-0.8983,0.4237,0.5625,
-0.8644,0.4237,0.5107,
-0.8305,0.4237,0.4605,
-0.7966,0.4237,0.4121,
-0.7627,0.4237,0.3654,
-0.7288,0.4237,0.3205,
-0.6949,0.4237,0.2774,
-0.6610,0.4237,0.2361,
-0.6271,0.4237,0.1967,
-0.5932,0.4237,0.1591,
-0.5593,0.4237,0.1234,
-0.5254,0.4237,0.0896,
-0.4915,0.4237,0.0578,
-0.4576,0.4237,0.0279,
-0.4237,0.4237,0.0000,
-0.3898,0.4237,-0.0259,
-0.3559,0.4237,-0.0498,
-0.3220,0.4237,-0.0716,
-0.2881,0.4237,-0.0913,
-0.2542,0.4237,-0.1089,
-0.2203,0.4237,-0.1245,
-0.1864,0.4237,-0.1378,
-0.1525,0.4237,-0.1490,
-0.1186,0.4237,-0.1580,
-0.0847,0.4237,-0.1648,
-0.0508,0.4237,-0.1694,
-0.0169,0.4237,-0.1717,
0.0169,0.4237,-0.1717,
0.0508,0.4237,-0.1693,
0.0847,0.4237,-0.1647,
0.1186,0.4237,-0.1577,
0.1525,0.4237,-0.1483,
0.1864,0.4237,-0.1365,
0.2203,0.4237,-0.1223,
0.2542,0.4237,-0.1057,
0.2881,0.4237,-0.0865,
0.3220,0.4237,-0.0649,
0.3559,0.4237,-0.0407,
0.3898,0.4237,-0.0140,
0.4237,0.4237,0.0152,
0.4576,0.4237,0.0471,
0.4915,0.4237,0.0815,
0.5254,0.4237,0.1186,
0.5593,0.4237,0.1584,
0.5932,0.4237,0.2008,
0.6271,0.4237,0.2460,
0.6610,0.4237,0.2939,
0.6949,0.4237,0.3445,
0.7288,0.4237,0.3979,
0.7627,0.4237,0.4542,
0.7966,0.4237,0.5132,
0.8305,0.4237,0.5751,
0.8644,0.4237,0.6398,
0.8983,0.4237,0.7075,
0.9322,0.4237,0.7781,
0.9661,0.4237,0.8516,
1.0000,0.4237,0.9281,
-1.0000,0.4576,0.7002,
-0.9661,0.4576,0.6433,
-0.9322,0.4576,0.5882,
-0.8983,0.4576,0.5346,
-0.8644,0.4576,0.4828,
-0.8305,0.4576,0.4326,
-0.7966,0.4576,0.3842,
-0.7627,0.4576,0.3375,
-0.7288,0.4576,0.2926,
-0.6949,0.4576,0.2495,
-0.6610,0.4576,0.2082,
-0.6271,0.4576,0.1688,
-0.5932,0.4576,0.1312,
-0.5593,0.4576,0.0955,
-0.5254,0.4576,0.0617,
-0.4915,0.4576,0.0299,
-0.4576,0.4576,0.0000,
-0.4237,0.4576,-0.0279,
-0.3898,0.4576,-0.0538,
-0.3559,0.4576,-0.0777,
-0.3220,0.4576,-0.0995,
-0.2881,0.4576,-0.1192,
-0.2542,0.4576,-0.1368,
-0.2203,0.4576,-0.1524,
-0.1864,0.4576,-0.1657,
-0.1525,0.4576,-0.1769,
-0.1186,0.4576,-0.1859,
-0.0847,0.4576,-0.1927,
-0.0508,0.4576,-0.1973,
-0.0169,0.4576,-0.1996,
0.0169,0.4576,-0.1996,
0.0508,0.4576,-0.1972,
0.0847,0.4576,-0.1926,
0.1186,0.4576,-0.1856,
0.1525,0.4576,-0.1762,
0.1864,0.4576,-0.1644,
0.2203,0.4576,-0.1502,
0.2542,0.4576,-0.1336,
0.2881,0.4576,-0.1144,
0.3220,0.4576,-0.0928,
0.3559,0.4576,-0.0686,
0.3898,0.4576,-0.0419,
0.4237,0.4576,-0.0127,
0.4576,0.4576,0.0192,
0.4915,0.4576,0.0536,
0.5254,0.4576,0.0907,
0.5593,0.4576,0.1305,
0.5932,0.4576,0.1729,
0.6271,0.4576,0.2181,
0.6610,0.4576,0.2660,
0.6949,0.4576,0.3166,
0.7288,0.4576,0.3700,
0.7627,0.4576,0.4263,
0.7966,0.4576,0.4853,
0.8305,0.4576,0.5472,
0.8644,0.4576,0.6119,
0.8983,0.4576,0.6796,
0.9322,0.4576,0.7502,
0.9661,0.4576,0.8237,
1.0000,0.4576,0.9002,
-1.0000,0.4915,0.6703,
-0.9661,0.4915,0.6135,
-0.9322,0.4915,0.5583,
-0.8983,0.4915,0.5047,
-0.8644,0.4915,0.4529,
-0.8305,0.4915,0.4027,
-0.7966,0.4915,0.3543,
-0.7627,0.4915,0.3076,
-0.7288,0.4915,0.2627,
-0.6949,0.4915,0.2196,
-0.6610,0.4915,0.1783,
-0.6271,0.4915,0.1389,
-0.5932,0.4915,0.1013,
-0.5593,0.4915,0.0656,
-0.5254,0.4915,0.0318,
-0.4915,0.4915,0.0000,
-0.4576,0.4915,-0.0299,
-0.4237,0.4915,-0.0578,
-0.3898,0.4915,-0.0837,
-0.3559,0.4915,-0.1075,
-0.3220,0.4915,-0.1294,
-0.2881,0.4915,-0.1491,
-0.2542,0.4915,-0.1667,
-0.2203,0.4915,-0.1822,
-0.1864,0.4915,-0.1956,
-0.1525,0.4915,-0.2068,
-0.1186,0.4915,-0.2158,
-0.0847,0.4915,-0.2226,
-0.0508,0.4915,-0.2271,
-0.0169,0.4915,-0.2294,
0.0169,0.4915,-0.2294,
0.0508,0.4915,-0.2271,
0.0847,0.4915,-0.2225,
0.1186,0.4915,-0.2155,
0.1525,0.4915,-0.2061,
0.1864,0.4915,-0.1943,
0.2203,0.4915,-0.1801,
0.2542,0.4915,-0.1634,
0.2881,0.4915,-0.1443,
0.3220,0.4915,-0.1227,
0.3559,0.4915,-0.0985,
0.3898,0.4915,-0.0718,
0.4237,0.4915,-0.0426,
0.4576,0.4915,-0.0107,
0.4915,0.4915,0.0238,
0.5254,0.4915,0.0609,
0.5593,0.4915,0.1006,
0.5932,0.4915,0.1431,
0.6271,0.4915,0.1882,
0.6610,0.4915,0.2361,
0.6949,0.4915,0.2867,
0.7288,0.4915,0.3402,
0.7627,0.4915,0.3964,
0.7966,0.4915,0.4554,
0.8305,0.4915,0.5173,
0.8644,0.4915,0.5821,
0.8983,0.4915,0.6497,
0.9322,0.4915,0.7203,
0.9661,0.4915,0.7938,
1.0000,0.4915,0.8703,
-1.0000,0.5254,0.6384,
-0.9661,0.5254,0.5816,
-0.9322,0.5254,0.5264,
-0.8983,0.5254,0.4729,
-0.8644,0.5254,0.4210,
-0.8305,0.5254,0.3709,
-0.7966,0.5254,0.3225,
-0.7627,0.5254,0.2758,
-0.7288,0.5254,0.2309,
-0.6949,0.5254,0.1878,
-0.6610,0.5254,0.1465,
-0.6271,0.5254,0.1070,
-0.5932,0.5254,0.0695,
-0.5593,0.5254,0.0338,
-0.5254,0.5254,0.0000,
-0.4915,0.5254,-0.0318,
-0.4576,0.5254,-0.0617,
-0.4237,0.5254,-0.0896,
-0.3898,0.5254,-0.1155,
-0.3559,0.5254,-0.1394,
-0.3220,0.5254,-0.1612,
-0.2881,0.5254,-0.1809,
-0.2542,0.5254,-0.1986,
-0.2203,0.5254,-0.2141,
-0.1864,0.5254,-0.2275,
-0.1525,0.5254,-0.2387,
-0.1186,0.5254,-0.2477,
-0.0847,0.5254,-0.2544,
-0.0508,0.5254,-0.2590,
-0.0169,0.5254,-0.2613,
0.0169,0.5254,-0.2613,
0.0508,0.5254,-0.2590,
0.0847,0.5254,-0.2543,
0.1186,0.5254,-0.2473,
0.1525,0.5254,-0.2379,
0.1864,0.5254,-0.2262,
0.2203,0.5254,-0.2119,
0.2542,0.5254,-0.1953,
0.2881,0.5254,-0.1762,
0.3220,0.5254,-0.1545,
0.3559,0.5254,-0.1304,
0.3898,0.5254,-0.1037,
0.4237,0.5254,-0.0744,
0.4576,0.5254,-0.0426,
0.4915,0.5254,-0.0081,
0.5254,0.5254,0.0290,
0.5593,0.5254,0.0688,
0.5932,0.5254,0.1112,
0.6271,0.5254,0.1564,
0.6610,0.5254,0.2043,
0.6949,0.5254,0.2549,
0.7288,0.5254,0.3083,
0.7627,0.5254,0.3645,
0.7966,0.5254,0.4236,
0.8305,0.5254,0.4855,
0.8644,0.5254,0.5502,
0.8983,0.5254,0.6179,
0.9322,0.5254,0.6884,
0.9661,0.5254,0.7620,
1.0000,0.5254,0.8384,
-1.0000,0.5593,0.6047,
-0.9661,0.5593,0.5478,
-0.9322,0.5593,0.4927,
-0.8983,0.5593,0.4391,
-0.8644,0.5593,0.3873,
-0.8305,0.5593,0.3371,
-0.7966,0.5593,0.2887,
-0.7627,0.5593,0.2420,
-0.7288,0.5593,0.1971,
-0.6949,0.5593,0.1540,
-0.6610,0.5593,0.1127,
-0.6271,0.5593,0.0733,
-0.5932,0.5593,0.0357,
-0.5593,0.5593,0.0000,
-0.5254,0.5593,-0.0338,
-0.4915,0.5593,-0.0656,
-0.4576,0.5593,-0.0955,
-0.4237,0.5593,-0.1234,
-0.3898,0.5593,-0.1493,
-0.3559,0.5593,-0.1732,
-0.3220,0.5593,-0.1950,
-0.2881,0.5593,-0.2147,
-0.2542,0.5593,-0.2323,
-0.2203,0.5593,-0.2479,
-0.1864,0.5593,-0.2612,
-0.1525,0.5593,-0.2724,
-0.1186,0.5593,-0.2814,
-0.0847,0.5593,-0.2882,
-0.0508,0.5593,-0.2928,
-0.0169,0.5593,-0.2951,
0.0169,0.5593,-0.2951,
0.0508,0.5593,-0.2927,
0.0847,0.5593,-0.2881,
0.1186,0.5593,-0.2811,
0.1525,0.5593,-0.2717,
0.1864,0.5593,-0.2599,
0.2203,0.5593,-0.2457,
0.2542,0.5593,-0.2291,
0.2881,0.5593,-0.2099,
0.3220,0.5593,-0.1883,
0.3559,0.5593,-0.1641,
0.3898,0.5593,-0.1375,
0.4237,0.5593,-0.1082,
0.4576,0.5593,-0.0763,
0.4915,0.5593,-0.0419,
0.5254,0.5593,-0.0048,
0.5593,0.5593,0.0350,
0.5932,0.5593,0.0774,
0.6271,0.5593,0.1226,
0.6610,0.5593,0.1705,
0.6949,0.5593,0.2211,
0.7288,0.5593,0.2745,
0.7627,0.5593,0.3308,
0.7966,0.5593,0.3898,
0.8305,0.5593,0.4517,
0.8644,0.5593,0.5164,
0.8983,0.5593,0.5841,
0.9322,0.5593,0.6547,
0.9661,0.5593,0.7282,
1.0000,0.5593,0.8047,
-1.0000,0.5932,0.5690,
-0.9661,0.5932,0.5121,
-0.9322,0.5932,0.4570,
-0.8983,0.5932,0.4034,
-0.8644,0.5932,0.3516,
-0.8305,0.5932,0.3014,
-0.7966,0.5932,0.2530,
-0.7627,0.5932,0.2063,
-0.7288,0.5932,0.1614,
-0.6949,0.5932,0.1183,
-0.6610,0.5932,0.0770,
-0.6271,0.5932,0.0376,
-0.5932,0.5932,0.0000,
-0.5593,0.5932,-0.0357,
-0.5254,0.5932,-0.0695,
-0.4915,0.5932,-0.1013,
-0.4576,0.5932,-0.1312,
-0.4237,0.5932,-0.1591,
-0.3898,0.5932,-0.1850,
-0.3559,0.5932,-0.2089,
-0.3220,0.5932,-0.2307,
-0.2881,0.5932,-0.2504,
-0.2542,0.5932,-0.2680,
-0.2203,0.5932,-0.2836,
-0.1864,0.5932,-0.2969,
-0.1525,0.5932,-0.3081,
-0.1186,0.5932,-0.3171,
-0.0847,0.5932,-0.3239,
-0.0508,0.5932,-0.3285,
-0.0169,0.5932,-0.3307,
0.0169,0.5932,-0.3307,
0.0508,0.5932,-0.3284,
0.0847,0.5932,-0.3238,
0.1186,0.5932,-0.3168,
0.1525,0.5932,-0.3074,
0.1864,0.5932,-0.2956,
0.2203,0.5932,-0.2814,
0.2542,0.5932,-0.2648,
0.2881,0.5932,-0.2456,
0.3220,0.5932,-0.2240,
0.3559,0.5932,-0.1998,
0.3898,0.5932,-0.1731,
0.4237,0.5932,-0.1439,
0.4576,0.5932,-0.1120,
0.4915,0.5932,-0.0776,
0.5254,0.5932,-0.0405,
0.5593,0.5932,-0.0007,
0.5932,0.5932,0.0418,
0.6271,0.5932,0.0869,
0.6610,0.5932,0.1348,
0.6949,0.5932,0.1854,
0.7288,0.5932,0.2388,
0.7627,0.5932,0.2951,
0.7966,0.5932,0.3541,
0.8305,0.5932,0.4160,
0.8644,0.5932,0.4808,
0.8983,0.5932,0.5484,
0.9322,0.5932,0.6190,
0.9661,0.5932,0.6925,
1.0000,0.5932,0.7690,
-1.0000,0.6271,0.5314,
-0.9661,0.6271,0.4746,
-0.9322,0.6271,0.4194,
-0.8983,0.6271,0.3658,
-0.8644,0.6271,0.3140,
-0.8305,0.6271,0.2638,
-0.7966,0.6271,0.2154,
-0.7627,0.6271,0.1687,
-0.7288,0.6271,0.1238,
-0.6949,0.6271,0.0807,
-0.6610,0.6271,0.0394,
-0.6271,0.6271,-0.0000,
-0.5932,0.6271,-0.0376,
-0.5593,0.6271,-0.0733,
-0.5254,0.6271,-0.1070,
-0.4915,0.6271,-0.1389,
-0.4576,0.6271,-0.1688,
-0.4237,0.6271,-0.1967,
-0.3898,0.6271,-0.2226,
-0.3559,0.6271,-0.2464,
-0.3220,0.6271,-0.2682,
-0.2881,0.6271,-0.2880,
-0.2542,0.6271,-0.3056,
-0.2203,0.6271,-0.3211,
-0.1864,0.6271,-0.3345,
-0.1525,0.6271,-0.3457,
-0.1186,0.6271,-0.3547,
-0.0847,0.6271,-0.3615,
-0.0508,0.6271,-0.3660,
-0.0169,0.6271,-0.3683,
0.0169,0.6271,-0.3683,
0.0508,0.6271,-0.3660,
0.0847,0.6271,-0.3614,
0.1186,0.6271,-0.3544,
0.1525,0.6271,-0.3450,
0.1864,0.6271,-0.3332,
0.2203,0.6271,-0.3190,
0.2542,0.6271,-0.3023,
0.2881,0.6271,-0.2832,
0.3220,0.6271,-0.2616,
0.3559,0.6271,-0.2374,
0.3898,0.6271,-0.2107,
0.4237,0.6271,-0.1815,
0.4576,0.6271,-0.1496,
0.4915,0.6271,-0.1151,
0.5254,0.6271,-0.0780,
0.5593,0.6271,-0.0383,
0.5932,0.6271,0.0042,
0.6271,0.6271,0.0493,
0.6610,0.6271,0.0972,
0.6949,0.6271,0.1479,
0.7288,0.6271,0.2013,
0.7627,0.6271,0.2575,
0.7966,0.6271,0.3165,
0.8305,0.6271,0.3784,
0.8644,0.6271,0.4432,
0.8983,0.6271,0.5108,
0.9322,0.6271,0.5814,
0.9661,0.6271,0.6549,
1.0000,0.6271,0.7314,
-1.0000,0.6610,0.4919,
-0.9661,0.6610,0.4351,
-0.9322,0.6610,0.3799,
-0.8983,0.6610,0.3264,
-0.8644,0.6610,0.2745,
-0.8305,0.6610,0.2244,
-0.7966,0.6610,0.1760,
-0.7627,0.6610,0.1293,
-0.7288,0.6610,0.0844,
-0.6949,0.6610,0.0413,
-0.6610,0.6610,0.0000,
-0.6271,0.6610,-0.0394,
-0.5932,0.6610,-0.0770,
-0.5593,0.6610,-0.1127,
-0.5254,0.6610,-0.1465,
-0.4915,0.6610,-0.1783,
-0.4576,0.6610,-0.2082,
-0.4237,0.6610,-0.2361,
-0.3898,0.6610,-0.2620,
-0.3559,0.6610,-0.2859,
-0.3220,0.6610,-0.3077,
-0.2881,0.6610,-0.3274,
-0.2542,0.6610,-0.3451,
-0.2203,0.6610,-0.3606,
-0.1864,0.6610,-0.3739,
-0.1525,0.6610,-0.3851,
-0.1186,0.6610,-0.3942,
-0.0847,0.6610,-0.4009,
-0.0508,0.6610,-0.4055,
-0.0169,0.6610,-0.4078,
0.0169,0.6610,-0.4078,
0.0508,0.6610,-0.4055,
0.0847,0.6610,-0.4008,
0.1186,0.6610,-0.3938,
0.1525,0.6610,-0.3844,
0.1864,0.6610,-0.3727,
0.2203,0.6610,-0.3584,
0.2542,0.6610,-0.3418,
0.2881,0.6610,-0.3226,
0.3220,0.6610,-0.3010,
0.3559,0.6610,-0.2769,
0.3898,0.6610,-0.2502,
0.4237,0.6610,-0.2209,
0.4576,0.6610,-0.1891,
0.4915,0.6610,-0.1546,
0.5254,0.6610,-0.1175,
0.5593,0.6610,-0.0777,
0.5932,0.6610,-0.0353,
0.6271,0.6610,0.0099,
0.6610,0.6610,0.0578,
0.6949,0.6610,0.1084,
0.7288,0.6610,0.1618,
0.7627,0.6610,0.2180,
0.7966,0.6610,0.2771,
0.8305,0.6610,0.3390,
0.8644,0.6610,0.4037,
0.8983,0.6610,0.4714,
0.9322,0.6610,0.5420,
0.9661,0.6610,0.6155,
1.0000,0.6610,0.6919,
-1.0000,0.6949,0.4507,
-0.9661,0.6949,0.3938,
-0.9322,0.6949,0.3386,
-0.8983,0.6949,0.2851,
-0.8644,0.6949,0.2333,
-0.8305,0.6949,0.1831,
-0.7966,0.6949,0.1347,
-0.7627,0.6949,0.0880,
-0.7288,0.6949,0.0431,
-0.6949,0.6949,0.0000,
-0.6610,0.6949,-0.0413,
-0.6271,0.6949,-0.0807,
-0.5932,0.6949,-0.1183,
-0.5593,0.6949,-0.1540,
-0.5254,0.6949,-0.1878,
-0.4915,0.6949,-0.2196,
-0.4576,0.6949,-0.2495,
-0.4237,0.6949,-0.2774,
-0.3898,0.6949,-0.3033,
-0.3559,0.6949,-0.3272,
-0.3220,0.6949,-0.3490,
-0.2881,0.6949,-0.3687,
-0.2542,0.6949,-0.3864,
-0.2203,0.6949,-0.4019,
-0.1864,0.6949,-0.4152,
-0.1525,0.6949,-0.4264,
-0.1186,0.6949,-0.4354,
-0.0847,0.6949,-0.4422,
-0.0508,0.6949,-0.4468,
-0.0169,0.6949,-0.4491,
0.0169,0.6949,-0.4491,
0.0508,0.6949,-0.4468,
0.0847,0.6949,-0.4421,
0.1186,0.6949,-0.4351,
0.1525,0.6949,-0.4257,
0.1864,0.6949,-0.4139,
0.2203,0.6949,-0.3997,
0.2542,0.6949,-0.3831,
0.2881,0.6949,-0.3639,
0.3220,0.6949,-0.3423,
0.3559,0.6949,-0.3182,
0.3898,0.6949,-0.2915,
0.4237,0.6949,-0.2622,
0.4576,0.6949,-0.2303,
0.4915,0.6949,-0.1959,
0.5254,0.6949,-0.1588,
0.5593,0.6949,-0.1190,
0.5932,0.6949,-0.0766,
0.6271,0.6949,-0.0314,
0.6610,0.6949,0.0165,
0.6949,0.6949,0.0671,
0.7288,0.6949,0.1205,
0.7627,0.6949,0.1767,
0.7966,0.6949,0.2358,
0.8305,0.6949,0.2977,
0.8644,0.6949,0.3624,
0.8983,0.6949,0.4301,
0.9322,0.6949,0.5007,
0.9661,0.6949,0.5742,
1.0000,0.6949,0.6507,
-1.0000,0.7288,0.4075,
-0.9661,0.7288,0.3507,
-0.9322,0.7288,0.2955,
-0.8983,0.7288,0.2420,
-0.8644,0.7288,0.1902,
-0.8305,0.7288,0.1400,
-0.7966,0.7288,0.0916,
-0.7627,0.7288,0.0449,
-0.7288,0.7288,0.0000,
-0.6949,0.7288,-0.0431,
-0.6610,0.7288,-0.0844,
-0.6271,0.7288,-0.1238,
-0.5932,0.7288,-0.1614,
-0.5593,0.7288,-0.1971,
-0.5254,0.7288,-0.2309,
-0.4915,0.7288,-0.2627,
-0.4576,0.7288,-0.2926,
-0.4237,0.7288,-0.3205,
-0.3898,0.7288,-0.3464,
-0.3559,0.7288,-0.3703,
-0.3220,0.7288,-0.3921,
-0.2881,0.7288,-0.4118,
-0.2542,0.7288,-0.4295,
-0.2203,0.7288,-0.4450,
-0.1864,0.7288,-0.4583,
-0.1525,0.7288,-0.4695,
-0.1186,0.7288,-0.4785,
-0.0847,0.7288,-0.4853,
-0.0508,0.7288,-0.4899,
-0.0169,0.7288,-0.4922,
0.0169,0.7288,-0.4922,
0.0508,0.7288,-0.4899,
0.0847,0.7288,-0.4852,
0.1186,0.7288,-0.4782,
0.1525,0.7288,-0.4688,
0.1864,0.7288,-0.4570,
0.2203,0.7288,-0.4428,
0.2542,0.7288,-0.4262,
0.2881,0.7288,-0.4070,
0.3220,0.7288,-0.3854,
0.3559,0.7288,-0.3613,
0.3898,0.7288,-0.3346,
0.4237,0.7288,-0.3053,
0.4576,0.7288,-0.2735,
0.4915,0.7288,-0.2390,
0.5254,0.7288,-0.2019,
0.5593,0.7288,-0.1621,
0.5932,0.7288,-0.1197,
0.6271,0.7288,-0.0745,
0.6610,0.7288,-0.0266,
0.6949,0.7288,0.0240,
0.7288,0.7288,0.0774,
0.7627,0.7288,0.1336,
0.7966,0.7288,0.1927,
0.8305,0.7288,0.2546,
0.8644,0.7288,0.3193,
0.8983,0.7288,0.3870,
0.9322,0.7288,0.4576,
0.9661,0.7288,0.5311,
1.0000,0.7288,0.6075,
-1.0000,0.7627,0.3626,
-0.9661,0.7627,0.3058,
-0.9322,0.7627,0.2506,
-0.8983,0.7627,0.1971,
-0.8644,0.7627,0.1453,
-0.8305,0.7627,0.0951,
-0.7966,0.7627,0.0467,
-0.7627,0.7627,0.0000,
-0.7288,0.7627,-0.0449,
-0.6949,0.7627,-0.0880,
-0.6610,0.7627,-0.1293,
-0.6271,0.7627,-0.1687,
-0.5932,0.7627,-0.2063,
-0.5593,0.7627,-0.2420,
-0.5254,0.7627,-0.2758,
-0.4915,0.7627,-0.3076,
-0.4576,0.7627,-0.3375,
-0.4237,0.7627,-0.3654,
-0.3898,0.7627,-0.3913,
-0.3559,0.7627,-0.4152,
-0.3220,0.7627,-0.4370,
-0.2881,0.7627,-0.4567,
-0.2542,0.7627,-0.4744,
-0.2203,0.7627,-0.4899,
-0.1864,0.7627,-0.5032,
-0.1525,0.7627,-0.5144,
-0.1186,0.7627,-0.5235,
-0.0847,0.7627,-0.5302,
-0.0508,0.7627,-0.5348,
-0.0169,0.7627,-0.5371,
0.0169,0.7627,-0.5371,
0.0508,0.7627,-0.5348,
0.0847,0.7627,-0.5301,
0.1186,0.7627,-0.5231,
0.1525,0.7627,-0.5137,
0.1864,0.7627,-0.5020,
0.2203,0.7627,-0.4877,
0.2542,0.7627,-0.4711,
0.2881,0.7627,-0.4519,
0.3220,0.7627,-0.4303,
0.3559,0.7627,-0.4062,
0.3898,0.7627,-0.3795,
0.4237,0.7627,-0.3502,
0.4576,0.7627,-0.3184,
0.4915,0.7627,-0.2839,
0.5254,0.7627,-0.2468,
0.5593,0.7627,-0.2070,
0.5932,0.7627,-0.1646,
0.6271,0.7627,-0.1194,
0.6610,0.7627,-0.0715,
0.6949,0.7627,-0.0209,
0.7288,0.7627,0.0325,
0.7627,0.7627,0.0887,
0.7966,0.7627,0.1478,
0.8305,0.7627,0.2097,
0.8644,0.7627,0.2744,
0.8983,0.7627,0.3421,
0.9322,0.7627,0.4127,
0.9661,0.7627,0.4862,
1.0000,0.7627,0.5626,
-1.0000,0.7966,0.3160,
-0.9661,0.7966,0.2591,
-0.9322,0.7966,0.2040,
-0.8983,0.7966,0.1504,
-0.8644,0.7966,0.0986,
-0.8305,0.7966,0.0484,
-0.7966,0.7966,-0.0000,
-0.7627,0.7966,-0.0467,
-0.7288,0.7966,-0.0916,
-0.6949,0.7966,-0.1347,
-0.6610,0.7966,-0.1760,
-0.6271,0.7966,-0.2154,
-0.5932,0.7966,-0.2530,
-0.5593,0.7966,-0.2887,
-0.5254,0.7966,-0.3225,
-0.4915,0.7966,-0.3543,
-0.4576,0.7966,-0.3842,
-0.4237,0.7966,-0.4121,
-0.3898,0.7966,-0.4380,
-0.3559,0.7966,-0.4619,
-0.3220,0.7966,-0.4837,
-0.2881,0.7966,-0.5034,
-0.2542,0.7966,-0.5210,
-0.2203,0.7966,-0.5366,
-0.1864,0.7966,-0.5499,
-0.1525,0.7966,-0.5611,
-0.1186,0.7966,-0.5701,
-0.0847,0.7966,-0.5769,
-0.0508,0.7966,-0.5815,
-0.0169,0.7966,-0.5837,
0.0169,0.7966,-0.5837,
0.0508,0.7966,-0.5814,
0.0847,0.7966,-0.5768,
0.1186,0.7966,-0.5698,
0.1525,0.7966,-0.5604,
0.1864,0.7966,-0.5486,
0.2203,0.7966,-0.5344,
0.2542,0.7966,-0.5178,
0.2881,0.7966,-0.4986,
0.3220,0.7966,-0.4770,
0.3559,0.7966,-0.4528,
0.3898,0.7966,-0.4261,
0.4237,0.7966,-0.3969,
0.4576,0.7966,-0.3650,
0.4915,0.7966,-0.3306,
0.5254,0.7966,-0.2935,
0.5593,0.7966,-0.2537,
0.5932,0.7966,-0.2112,
0.6271,0.7966,-0.1661,
0.6610,0.7966,-0.1182,
0.6949,0.7966,-0.0676,
0.7288,0.7966,-0.0142,
0.7627,0.7966,0.0421,
0.7966,0.7966,0.1011,
0.8305,0.7966,0.1630,
0.8644,0.7966,0.2278,
0.8983,0.7966,0.2954,
0.9322,0.7966,0.3660,
0.9661,0.7966,0.4395,
1.0000,0.7966,0.5160,
-1.0000,0.8305,0.2675,
-0.9661,0.8305,0.2107,
-0.9322,0.8305,0.1555,
-0.8983,0.8305,0.1020,
-0.8644,0.8305,0.0502,
-0.8305,0.8305,0.0000,
-0.7966,0.8305,-0.0484,
-0.7627,0.8305,-0.0951,
-0.7288,0.8305,-0.1400,
-0.6949,0.8305,-0.1831,
-0.6610,0.8305,-0.2244,
-0.6271,0.8305,-0.2638,
-0.5932,0.8305,-0.3014,
-0.5593,0.8305,-0.3371,
-0.5254,0.8305,-0.3709,
-0.4915,0.8305,-0.4027,
-0.4576,0.8305,-0.4326,
-0.4237,0.8305,-0.4605,
-0.3898,0.8305,-0.4864,
-0.3559,0.8305,-0.5103,
-0.3220,0.8305,-0.5321,
-0.2881,0.8305,-0.5518,
-0.2542,0.8305,-0.5695,
-0.2203,0.8305,-0.5850,
-0.1864,0.8305,-0.5983,
-0.1525,0.8305,-0.6095,
-0.1186,0.8305,-0.6186,
-0.0847,0.8305,-0.6253,
-0.0508,0.8305,-0.6299,
-0.0169,0.8305,-0.6322,
0.0169,0.8305,-0.6322,
0.0508,0.8305,-0.6299,
0.0847,0.8305,-0.6252,
0.1186,0.8305,-0.6182,
0.1525,0.8305,-0.6088,
0.1864,0.8305,-0.5971,
0.2203,0.8305,-0.5828,
0.2542,0.8305,-0.5662,
0.2881,0.8305,-0.5470,
0.3220,0.8305,-0.5254,
0.3559,0.8305,-0.5013,
0.3898,0.8305,-0.4746,
0.4237,0.8305,-0.4453,
0.4576,0.8305,-0.4135,
0.4915,0.8305,-0.3790,
0.5254,0.8305,-0.3419,
0.5593,0.8305,-0.3021,
0.5932,0.8305,-0.2597,
0.6271,0.8305,-0.2145,
0.6610,0.8305,-0.1666,
0.6949,0.8305,-0.1160,
0.7288,0.8305,-0.0626,
0.7627,0.8305,-0.0064,
0.7966,0.8305,0.0527,
0.8305,0.8305,0.1146,
0.8644,0.8305,0.1793,
0.8983,0.8305,0.2470,
0.9322,0.8305,0.3176,
0.9661,0.8305,0.3911,
1.0000,0.8305,0.4675,
-1.0000,0.8644,0.2174,
-0.9661,0.8644,0.1606,
-0.9322,0.8644,0.1054,
-0.8983,0.8644,0.0519,
-0.8644,0.8644,0.0000,
-0.8305,0.8644,-0.0502,
-0.7966,0.8644,-0.0986,
-0.7627,0.8644,-0.1453,
-0.7288,0.8644,-0.1902,
-0.6949,0.8644,-0.2333,
-0.6610,0.8644,-0.2745,
-0.6271,0.8644,-0.3140,
-0.5932,0.8644,-0.3516,
-0.5593,0.8644,-0.3873,
-0.5254,0.8644,-0.4210,
-0.4915,0.8644,-0.4529,
-0.4576,0.8644,-0.4828,
-0.4237,0.8644,-0.5107,
-0.3898,0.8644,-0.5366,
-0.3559,0.8644,-0.5604,
-0.3220,0.8644,-0.5822,
-0.2881,0.8644,-0.6020,
-0.2542,0.8644,-0.6196,
-0.2203,0.8644,-0.6351,
-0.1864,0.8644,-0.6485,
-0.1525,0.8644,-0.6597,
-0.1186,0.8644,-0.6687,
-0.0847,0.8644,-0.6755,
-0.0508,0.8644,-0.6800,
-0.0169,0.8644,-0.6823,
0.0169,0.8644,-0.6823,
0.0508,0.8644,-0.6800,
0.0847,0.8644,-0.6754,
0.1186,0.8644,-0.6684,
0.1525,0.8644,-0.6590,
0.1864,0.8644,-0.6472,
0.2203,0.8644,-0.6330,
0.2542,0.8644,-0.6163,
0.2881,0.8644,-0.5972,
0.3220,0.8644,-0.5756,
0.3559,0.8644,-0.5514,
0.3898,0.8644,-0.5247,
0.4237,0.8644,-0.4955,
0.4576,0.8644,-0.4636,
0.4915,0.8644,-0.4291,
0.5254,0.8644,-0.3920,
0.5593,0.8644,-0.3523,
0.5932,0.8644,-0.3098,
0.6271,0.8644,-0.2647,
0.6610,0.8644,-0.2168,
0.6949,0.8644,-0.1661,
0.7288,0.8644,-0.1127,
0.7627,0.8644,-0.0565,
0.7966,0.8644,0.0025,
0.8305,0.8644,0.0644,
0.8644,0.8644,0.1292,
0.8983,0.8644,0.1968,
0.9322,0.8644,0.2674,
0.9661,0.8644,0.3409,
1.0000,0.8644,0.4174,
-1.0000,0.8983,0.1655,
-0.9661,0.8983,0.1087,
-0.9322,0.8983,0.0535,
-0.8983,0.8983,0.0000,
-0.8644,0.8983,-0.0519,
-0.8305,0.8983,-0.1020,
-0.7966,0.8983,-0.1504,
-0.7627,0.8983,-0.1971,
-0.7288,0.8983,-0.2420,
-0.6949,0.8983,-0.2851,
-0.6610,0.8983,-0.3264,
-0.6271,0.8983,-0.3658,
-0.5932,0.8983,-0.4034,
-0.5593,0.8983,-0.4391,
-0.5254,0.8983,-0.4729,
-0.4915,0.8983,-0.5047,
-0.4576,0.8983,-0.5346,
-0.4237,0.8983,-0.5625,
-0.3898,0.8983,-0.5884,
-0.3559,0.8983,-0.6123,
-0.3220,0.8983,-0.6341,
-0.2881,0.8983,-0.6538,
-0.2542,0.8983,-0.6715,
-0.2203,0.8983,-0.6870,
-0.1864,0.8983,-0.7004,
-0.1525,0.8983,-0.7115,
-0.1186,0.8983,-0.7206,
-0.0847,0.8983,-0.7273,
-0.0508,0.8983,-0.7319,
-0.0169,0.8983,-0.7342,
0.0169,0.8983,-0.7342,
0.0508,0.8983,-0.7319,
0.0847,0.8983,-0.7272,
0.1186,0.8983,-0.7202,
0.1525,0.8983,-0.7108,
0.1864,0.8983,-0.6991,
0.2203,0.8983,-0.6848,
0.2542,0.8983,-0.6682,
0.2881,0.8983,-0.6490,
0.3220,0.8983,-0.6274,
0.3559,0.8983,-0.6033,
0.3898,0.8983,-0.5766,
0.4237,0.8983,-0.5473,
0.4576,0.8983,-0.5155,
0.4915,0.8983,-0.4810,
0.5254,0.8983,-0.4439,
0.5593,0.8983,-0.4041,
0.5932,0.8983,-0.3617,
0.6271,0.8983,-0.3165,
0.6610,0.8983,-0.2686,
0.6949,0.8983,-0.2180,
0.7288,0.8983,-0.1646,
0.7627,0.8983,-0.1084,
0.7966,0.8983,-0.0493,
0.8305,0.8983,0.0126,
0.8644,0.8983,0.0773,
0.8983,0.8983,0.1450,
0.9322,0.8983,0.2155,
0.9661,0.8983,0.2891,
1.0000,0.8983,0.3655,
-1.0000,0.9322,0.1120,
-0.9661,0.9322,0.0552,
-0.9322,0.9322,0.0000,
-0.8983,0.9322,-0.0535,
-0.8644,0.9322,-0.1054,
-0.8305,0.9322,-0.1555,
-0.7966,0.9322,-0.2040,
-0.7627,0.9322,-0.2506,
-0.7288,0.9322,-0.2955,
-0.6949,0.9322,-0.3386,
-0.6610,0.9322,-0.3799,
-0.6271,0.9322,-0.4194,
-0.5932,0.9322,-0.4570,
-0.5593,0.9322,-0.4927,
-0.5254,0.9322,-0.5264,
-0.4915,0.9322,-0.5583,
-0.4576,0.9322,-0.5882,
-0.4237,0.9322,-0.6161,
-0.3898,0.9322,-0.6420,
-0.3559,0.9322,-0.6658,
-0.3220,0.9322,-0.6876,
-0.2881,0.9322,-0.7074,
-0.2542,0.9322,-0.7250,
-0.2203,0.9322,-0.7405,
-0.1864,0.9322,-0.7539,
-0.1525,0.9322,-0.7651,
-0.1186,0.9322,-0.7741,
-0.0847,0.9322,-0.7809,
-0.0508,0.9322,-0.7854,
-0.0169,0.9322,-0.7877,
0.0169,0.9322,-0.7877,
0.0508,0.9322,-0.7854,
0.0847,0.9322,-0.7808,
0.1186,0.9322,-0.7738,
0.1525,0.9322,-0.7644,
0.1864,0.9322,-0.7526,
0.2203,0.9322,-0.7384,
0.2542,0.9322,-0.7217,
0.2881,0.9322,-0.7026,
0.3220,0.9322,-0.6809,
0.3559,0.9322,-0.6568,
0.3898,0.9322,-0.6301,
0.4237,0.9322,-0.6008,
0.4576,0.9322,-0.5690,
0.4915,0.9322,-0.5345,
0.5254,0.9322,-0.4974,
0.5593,0.9322,-0.4577,
0.5932,0.9322,-0.4152,
0.6271,0.9322,-0.3701,
0.6610,0.9322,-0.3222,
0.6949,0.9322,-0.2715,
0.7288,0.9322,-0.2181,
0.7627,0.9322,-0.1619,
0.7966,0.9322,-0.1029,
0.8305,0.9322,-0.0410,
0.8644,0.9322,0.0238,
0.8983,0.9322,0.0914,
0.9322,0.9322,0.1620,
0.9661,0.9322,0.2355,
1.0000,0.9322,0.3120,
-1.0000,0.9661,0.0568,
-0.9661,0.9661,-0.0000,
-0.9322,0.9661,-0.0552,
-0.8983,0.9661,-0.1087,
-0.8644,0.9661,-0.1606,
-0.8305,0.9661,-0.2107,
-0.7966,0.9661,-0.2591,
-0.7627,0.9661,-0.3058,
-0.7288,0.9661,-0.3507,
-0.6949,0.9661,-0.3938,
-0.6610,0.9661,-0.4351,
-0.6271,0.9661,-0.4746,
-0.5932,0.9661,-0.5121,
-0.5593,0.9661,-0.5478,
-0.5254,0.9661,-0.5816,
-0.4915,0.9661,-0.6135,
-0.4576,0.9661,-0.6433,
-0.4237,0.9661,-0.6712,
-0.3898,0.9661,-0.6971,
-0.3559,0.9661,-0.7210,
-0.3220,0.9661,-0.7428,
-0.2881,0.9661,-0.7626,
-0.2542,0.9661,-0.7802,
-0.2203,0.9661,-0.7957,
-0.1864,0.9661,-0.8091,
-0.1525,0.9661,-0.8203,
-0.1186,0.9661,-0.8293,
-0.0847,0.9661,-0.8361,
-0.0508,0.9661,-0.8406,
-0.0169,0.9661,-0.8429,
0.0169,0.9661,-0.8429,
0.0508,0.9661,-0.8406,
0.0847,0.9661,-0.8359,
0.1186,0.9661,-0.8289,
0.1525,0.9661,-0.8196,
0.1864,0.9661,-0.8078,
0.2203,0.9661,-0.7936,
0.2542,0.9661,-0.7769,
0.2881,0.9661,-0.7578,
0.3220,0.9661,-0.7361,
0.3559,0.9661,-0.7120,
0.3898,0.9661,-0.6853,
0.4237,0.9661,-0.6560,
0.4576,0.9661,-0.6242,
0.4915,0.9661,-0.5897,
0.5254,0.9661,-0.5526,
0.5593,0.9661,-0.5128,
0.5932,0.9661,-0.4704,
0.6271,0.9661,-0.4252,
0.6610,0.9661,-0.3774,
0.6949,0.9661,-0.3267,
0.7288,0.9661,-0.2733,
0.7627,0.9661,-0.2171,
0.7966,0.9661,-0.1580,
0.8305,0.9661,-0.0962,
0.8644,0.9661,-0.0314,
0.8983,0.9661,0.0363,
0.9322,0.9661,0.1068,
0.9661,0.9661,0.1803,
1.0000,0.9661,0.2568,
-1.0000,1.0000,0.0000,
-0.9661,1.0000,-0.0568,
-0.9322,1.0000,-0.1120,
-0.8983,1.0000,-0.1655,
-0.8644,1.0000,-0.2174,
-0.8305,1.0000,-0.2675,
-0.7966,1.0000,-0.3160,
-0.7627,1.0000,-0.3626,
-0.7288,1.0000,-0.4075,
-0.6949,1.0000,-0.4507,
-0.6610,1.0000,-0.4919,
-0.6271,1.0000,-0.5314,
-0.5932,1.0000,-0.5690,
-0.5593,1.0000,-0.6047,
-0.5254,1.0000,-0.6384,
-0.4915,1.0000,-0.6703,
-0.4576,1.0000,-0.7002,
-0.4237,1.0000,-0.7281,
-0.3898,1.0000,-0.7540,
-0.3559,1.0000,-0.7778,
-0.3220,1.0000,-0.7996,
-0.2881,1.0000,-0.8194,
-0.2542,1.0000,-0.8370,
-0.2203,1.0000,-0.8525,
-0.1864,1.0000,-0.8659,
-0.1525,1.0000,-0.8771,
-0.1186,1.0000,-0.8861,
-0.0847,1.0000,-0.8929,
-0.0508,1.0000,-0.8974,
-0.0169,1.0000,-0.8997,
0.0169,1.0000,-0.8997,
0.0508,1.0000,-0.8974,
0.0847,1.0000,-0.8928,
0.1186,1.0000,-0.8858,
0.1525,1.0000,-0.8764,
0.1864,1.0000,-0.8646,
0.2203,1.0000,-0.8504,
0.2542,1.0000,-0.8337,
0.2881,1.0000,-0.8146,
0.3220,1.0000,-0.7930,
0.3559,1.0000,-0.7688,
0.3898,1.0000,-0.7421,
0.4237,1.0000,-0.7128,
0.4576,1.0000,-0.6810,
0.4915,1.0000,-0.6465,
0.5254,1.0000,-0.6094,
0.5593,1.0000,-0.5697,
0.5932,1.0000,-0.5272,
0.6271,1.0000,-0.4821,
0.6610,1.0000,-0.4342,
0.6949,1.0000,-0.3835,
0.7288,1.0000,-0.3301,
0.7627,1.0000,-0.2739,
0.7966,1.0000,-0.2149,
0.8305,1.0000,-0.1530,
0.8644,1.0000,-0.0882,
0.8983,1.0000,-0.0206,
0.9322,1.0000,0.0500,
0.9661,1.0000,0.1235,
1.0000,1.0000,0.2000,
