8.171466764496124746e-01,-6.387847271741545208e-02,0.000000000000000000e+00
1.427223729147646170e+00,1.070400547830024501e-01,0.000000000000000000e+00
1.041279616348923964e+00,-3.992928189627684699e-01,0.000000000000000000e+00
7.817584162171493656e-01,1.942111553058240569e-01,0.000000000000000000e+00
9.047025177789460582e-01,-8.194906586800274062e-02,0.000000000000000000e+00
1.326691392436104122e+00,4.340018712329591494e-02,0.000000000000000000e+00
6.050264969178038577e-01,-1.118042665487818665e-02,0.000000000000000000e+00
1.139829595119618233e+00,-9.793045594240834539e-02,0.000000000000000000e+00
9.359340058363756487e-01,-1.946400260363056745e-01,0.000000000000000000e+00
1.108048688481743316e+00,-5.318569155460226711e-02,0.000000000000000000e+00
8.696097181691202493e-01,4.426518247757927904e-01,0.000000000000000000e+00
8.600065265659820879e-01,1.310007409790687749e-01,0.000000000000000000e+00
7.976513027435986336e-01,2.400609018031324426e-01,0.000000000000000000e+00
8.544287177429532587e-01,9.348129007996996975e-02,0.000000000000000000e+00
6.980790709615705136e-01,3.259845039856866244e-01,0.000000000000000000e+00
1.051165520558162925e+00,-1.625543017982724603e-01,0.000000000000000000e+00
7.818914523139300909e-01,1.175698825053920760e-01,0.000000000000000000e+00
6.368101597683437642e-01,1.528264803943149841e-01,0.000000000000000000e+00
9.348977197999641664e-01,3.154739700355736476e-01,0.000000000000000000e+00
1.382587676053638637e+00,-2.155291043815099616e-02,0.000000000000000000e+00
7.304885974849588681e-01,2.529938085130361558e-01,0.000000000000000000e+00
5.324469638131161808e-01,4.168440681089591315e-01,0.000000000000000000e+00
1.259900832413430871e+00,2.421362318309200345e-01,0.000000000000000000e+00
8.834092740120611520e-01,1.452607159291339212e-01,0.000000000000000000e+00
1.292428177633374142e+00,1.984816449096343249e-01,0.000000000000000000e+00
9.125393627860782786e-01,-1.977282469694412737e-01,0.000000000000000000e+00
1.235083294664359954e+00,6.715490945696219738e-01,0.000000000000000000e+00
1.179237756697505413e+00,2.350858479348121866e-01,0.000000000000000000e+00
1.005002170668455541e+00,-3.263444808450623180e-02,0.000000000000000000e+00
7.638464860251004129e-01,-3.043719326988029161e-01,0.000000000000000000e+00
1.072872369197688913e+00,1.028306782407273912e-01,0.000000000000000000e+00
1.004373470937958590e+00,5.811660706325928460e-01,0.000000000000000000e+00
1.160208232542360829e+00,4.831559241181377362e-01,0.000000000000000000e+00
8.898683196558893060e-01,2.082047981668157244e-01,0.000000000000000000e+00
8.202391416168118843e-01,1.772572398253582926e-01,0.000000000000000000e+00
1.342548461911510005e+00,-1.183093100838220890e-01,0.000000000000000000e+00
9.744925280385783317e-01,5.385860675410982790e-01,0.000000000000000000e+00
3.840142085595514843e-01,3.167705163213237474e-01,0.000000000000000000e+00
1.050563211235001626e+00,-3.774945768591275730e-02,0.000000000000000000e+00
6.065748515865845292e-01,-3.101463272088977874e-02,0.000000000000000000e+00
8.625003084028145528e-01,1.055604213307858447e-01,0.000000000000000000e+00
9.350133701377696394e-01,2.820509329203561566e-01,0.000000000000000000e+00
5.358069050193907668e-01,2.044862000465472868e-02,0.000000000000000000e+00
9.850662744362300716e-01,4.034463214265159858e-01,0.000000000000000000e+00
1.392195444997799125e-01,1.626092324399379951e-01,0.000000000000000000e+00
8.867361061426980440e-01,3.949062594359475376e-01,0.000000000000000000e+00
7.975466544204373731e-01,1.657259693186109994e-01,0.000000000000000000e+00
7.624286202359047415e-01,2.568904637192097051e-01,0.000000000000000000e+00
6.574134625680948529e-01,7.348988979356604889e-02,0.000000000000000000e+00
9.174254219583970471e-01,-2.820259116019796508e-03,0.000000000000000000e+00
7.048972582226474826e-01,5.349584887742362405e-01,0.000000000000000000e+00
9.447196163657926027e-01,4.039517263240764988e-01,0.000000000000000000e+00
1.100970666201499748e+00,3.239723356740356608e-02,0.000000000000000000e+00
9.934155372664545958e-01,5.623584524747521352e-02,0.000000000000000000e+00
8.703471604112970050e-01,3.694820847912320128e-01,0.000000000000000000e+00
8.722867400416215444e-01,1.849151229665001450e-01,0.000000000000000000e+00
6.942795947418778368e-01,5.987075250480473620e-01,0.000000000000000000e+00
9.550480518678930997e-01,7.568926489645173561e-01,0.000000000000000000e+00
1.299687277754241421e+00,5.938615267205475945e-01,0.000000000000000000e+00
1.470181092833770631e+00,1.117761124627252856e-01,0.000000000000000000e+00
7.143576277687020415e-01,7.103254326476995395e-01,0.000000000000000000e+00
8.440945854797471393e-01,2.238227631561670039e-01,0.000000000000000000e+00
7.807776289318244523e-01,8.483088242007187363e-01,0.000000000000000000e+00
9.724268729334182293e-01,2.474253872037822655e-01,0.000000000000000000e+00
1.228785164593620971e+00,1.696884181878983433e-01,0.000000000000000000e+00
5.582061417718172658e-01,3.478243128266625961e-01,0.000000000000000000e+00
8.598088242054422459e-01,1.880421054149642446e-01,0.000000000000000000e+00
1.058411083019672017e+00,3.037288676582472480e-01,0.000000000000000000e+00
6.589248152935800462e-01,8.853459365253354418e-01,0.000000000000000000e+00
9.170697887520260494e-01,1.132398280552734116e-01,0.000000000000000000e+00
8.792628854250623682e-01,1.852551057488893149e-01,0.000000000000000000e+00
5.128741895107820081e-01,4.749227595705132199e-01,0.000000000000000000e+00
1.071550495043235296e+00,2.868473371758328838e-02,0.000000000000000000e+00
7.585358504909890387e-01,4.809151136372287194e-01,0.000000000000000000e+00
4.979949549120074592e-01,9.467854829081840951e-01,0.000000000000000000e+00
9.367394324584722431e-01,3.113813184294176306e-01,0.000000000000000000e+00
9.426560440845451749e-01,1.005315422097358580e+00,0.000000000000000000e+00
1.088350560549647961e+00,3.088991680354876701e-01,0.000000000000000000e+00
9.416082766201275822e-01,-6.057572905366015448e-03,0.000000000000000000e+00
9.495452980495697748e-01,-8.591969725120809920e-02,0.000000000000000000e+00
1.211262030696353520e+00,1.985270321710787544e-01,0.000000000000000000e+00
5.006193172033549521e-01,4.897270190151856717e-01,0.000000000000000000e+00
1.011462714903058169e+00,5.963380618229168206e-01,0.000000000000000000e+00
9.364225868253155394e-01,2.959734277021524029e-01,0.000000000000000000e+00
8.510513750825938750e-01,7.323642909294456604e-01,0.000000000000000000e+00
7.425514417078384888e-01,4.208954144850013401e-02,0.000000000000000000e+00
5.972749883202921328e-01,6.108813969550076495e-01,0.000000000000000000e+00
7.517365514059993759e-01,3.369673051571660527e-01,0.000000000000000000e+00
1.032934679766217556e+00,8.107743800048242688e-01,0.000000000000000000e+00
1.079717943089553600e+00,4.467103700498625818e-01,0.000000000000000000e+00
8.314265812468122352e-01,5.295415785715673618e-01,0.000000000000000000e+00
1.168494321496359234e+00,1.402276750447373210e-01,0.000000000000000000e+00
8.866203275032367159e-01,5.934222696261619578e-01,0.000000000000000000e+00
9.307006296399468193e-01,4.342300293348434481e-01,0.000000000000000000e+00
7.739493830573097588e-01,6.419466862646721061e-01,0.000000000000000000e+00
8.711258633674751062e-01,4.822382361857184274e-01,0.000000000000000000e+00
1.114992389678860274e+00,6.288714541840422223e-01,0.000000000000000000e+00
1.153248595334322779e+00,7.127372092582815455e-01,0.000000000000000000e+00
5.020382295628199598e-01,6.798424953979471663e-01,0.000000000000000000e+00
8.336936455247861977e-01,4.386199571376689921e-01,0.000000000000000000e+00
9.069987671113772798e-01,3.973229230544511048e-01,0.000000000000000000e+00
6.690260254682851571e-01,5.333645010353558202e-01,0.000000000000000000e+00
5.118316235478593823e-01,1.050995097871892936e+00,0.000000000000000000e+00
8.535699452775450391e-01,4.331819375733434452e-01,0.000000000000000000e+00
5.234908235531453569e-01,1.037848810818005729e+00,0.000000000000000000e+00
8.196268954497675230e-01,8.422664035284678219e-01,0.000000000000000000e+00
6.112334307675232337e-01,6.433436177727335226e-01,0.000000000000000000e+00
9.557270217162415760e-01,6.459560408281682653e-01,0.000000000000000000e+00
6.768120300137466794e-01,7.896837644731116157e-01,0.000000000000000000e+00
8.296805806331654098e-01,7.435985665056977778e-01,0.000000000000000000e+00
1.256367299836913087e+00,9.608210833927379735e-01,0.000000000000000000e+00
7.351280623528592129e-01,7.626336209188055992e-01,0.000000000000000000e+00
5.606726688698714378e-01,8.238521265539844318e-01,0.000000000000000000e+00
7.313409364385932143e-01,8.645752821857840553e-01,0.000000000000000000e+00
2.566260654564741506e-01,3.993888949413052503e-01,0.000000000000000000e+00
6.067090345546729546e-01,2.424671446050719048e-01,0.000000000000000000e+00
3.503979622198310495e-01,3.611323229029601567e-01,0.000000000000000000e+00
4.145444722071138233e-01,1.069490198349805077e+00,0.000000000000000000e+00
9.245402653274880089e-01,8.318959745461599331e-01,0.000000000000000000e+00
5.773762398238828641e-01,7.338322897624571794e-01,0.000000000000000000e+00
7.316325840498087985e-01,5.419844983692758689e-01,0.000000000000000000e+00
6.761145029543210727e-01,9.378216186570503821e-01,0.000000000000000000e+00
5.522287692633786049e-01,3.826419958492967566e-01,0.000000000000000000e+00
5.043724671304410379e-01,7.695400816234261310e-01,0.000000000000000000e+00
9.010767692753021141e-01,3.115809747533165308e-01,0.000000000000000000e+00
1.008895311486230684e+00,6.265567329617325321e-01,0.000000000000000000e+00
5.312653853305207008e-01,8.079398730076541302e-01,0.000000000000000000e+00
4.373219037723885538e-01,7.048379903678149150e-01,0.000000000000000000e+00
9.486528140566523604e-01,9.639737822782116217e-01,0.000000000000000000e+00
8.641646784052600117e-01,1.070202347788852260e+00,0.000000000000000000e+00
8.862881210473332327e-01,4.866471441998977410e-01,0.000000000000000000e+00
7.571109904769727228e-01,6.477204802601954636e-01,0.000000000000000000e+00
6.722894358657731662e-01,9.299288758704336022e-01,0.000000000000000000e+00
7.846993690010527489e-01,1.113837913484085451e+00,0.000000000000000000e+00
9.847585110366148253e-01,8.378039919907893651e-01,0.000000000000000000e+00
7.284637099336237487e-01,8.660009249354713168e-01,0.000000000000000000e+00
6.209490996451514366e-01,8.565602750764781392e-01,0.000000000000000000e+00
1.920934161146006791e-01,7.284666364434557728e-01,0.000000000000000000e+00
6.095534523686604311e-01,7.187633690640200523e-01,0.000000000000000000e+00
5.914984170435186872e-01,6.110795476517053570e-01,0.000000000000000000e+00
6.198054983945449070e-01,1.028211713616543843e+00,0.000000000000000000e+00
1.130368500699153067e+00,7.170120325627409308e-01,0.000000000000000000e+00
5.601465104407554740e-01,8.931404699249908541e-01,0.000000000000000000e+00
8.603001752722103657e-01,5.793648198095279200e-01,0.000000000000000000e+00
7.782311446809040412e-01,4.846834034341730435e-01,0.000000000000000000e+00
6.472102568278846890e-01,5.116713155561392057e-01,0.000000000000000000e+00
1.009826646548493745e+00,5.963429096494821113e-01,0.000000000000000000e+00
9.290160857710292319e-01,6.638259915223623242e-01,0.000000000000000000e+00
3.033305167360428878e-01,5.558215915733525359e-01,0.000000000000000000e+00
6.797230418136436247e-01,9.068776451979358999e-01,0.000000000000000000e+00
1.593414476035249217e-01,1.195255393311732917e+00,0.000000000000000000e+00
5.358531119451579450e-01,1.015499172119392890e+00,0.000000000000000000e+00
4.515744123766234908e-01,5.856949997858303947e-01,0.000000000000000000e+00
2.151355596330123410e-01,6.681028923984539958e-01,0.000000000000000000e+00
-4.690237896866256140e-02,8.286653846846312454e-01,0.000000000000000000e+00
6.613129993103284976e-01,1.106346193490124641e+00,0.000000000000000000e+00
2.295029411148281628e-01,8.103733126394973008e-01,0.000000000000000000e+00
5.664951344978398362e-01,9.075950671306245443e-01,0.000000000000000000e+00
8.025417037912471185e-01,1.037838875019893248e+00,0.000000000000000000e+00
5.807392052292111861e-01,8.970728358984103590e-01,0.000000000000000000e+00
2.719800791149987740e-01,9.825601510627258728e-01,0.000000000000000000e+00
4.864335030230247936e-01,8.185142608526796426e-01,0.000000000000000000e+00
6.289531838048941781e-01,5.241935141789183517e-01,0.000000000000000000e+00
6.898613244115169296e-01,7.677743298185181198e-01,0.000000000000000000e+00
4.523288982087643184e-01,8.762041278217237439e-01,0.000000000000000000e+00
3.577433933358453721e-01,7.599980590664504598e-01,0.000000000000000000e+00
6.922817694410497991e-01,3.655766514096380204e-01,0.000000000000000000e+00
6.458271420093936177e-01,1.010913841136037661e+00,0.000000000000000000e+00
5.915747105964942465e-01,7.454436360767843217e-01,0.000000000000000000e+00
3.714371107626422419e-01,7.865760624798259215e-01,0.000000000000000000e+00
8.994638823004975636e-01,5.390222720954765956e-01,0.000000000000000000e+00
3.970787564297975081e-01,6.534894190524156432e-01,0.000000000000000000e+00
4.948454291308870823e-01,8.511061147391612014e-01,0.000000000000000000e+00
4.885062967639718368e-01,2.342030798139874692e-01,0.000000000000000000e+00
5.180737451329971988e-01,8.078902929768574381e-01,0.000000000000000000e+00
4.077746815094501209e-01,9.381370245622278059e-01,0.000000000000000000e+00
6.245774211391631470e-01,7.097344379886896260e-01,0.000000000000000000e+00
4.717243705703911827e-01,3.787884952222803636e-01,0.000000000000000000e+00
5.457904781874320932e-01,1.047784537909327574e+00,0.000000000000000000e+00
2.196192533655005885e-01,7.109698885378377131e-01,0.000000000000000000e+00
-2.628334024636913568e-02,9.512917832172931298e-01,0.000000000000000000e+00
3.319967004884207817e-01,1.083151792331484398e+00,0.000000000000000000e+00
4.376387358239783865e-01,9.899983440935951062e-01,0.000000000000000000e+00
2.686250693564305458e-01,1.090386379764062719e+00,0.000000000000000000e+00
5.525295559192257011e-01,8.450502762262788181e-01,0.000000000000000000e+00
5.491945408648681859e-01,9.865039608655759018e-01,0.000000000000000000e+00
2.609317508994115631e-01,1.028471694520779023e+00,0.000000000000000000e+00
5.621416871553261974e-01,9.484941426207286197e-01,0.000000000000000000e+00
2.348602899498888341e-01,1.070469452039689573e+00,0.000000000000000000e+00
1.745906438594562460e-01,1.012009643098888301e+00,0.000000000000000000e+00
9.008398486976599839e-01,9.859177158808607455e-01,0.000000000000000000e+00
5.717616999155983315e-01,9.008793984888500139e-01,0.000000000000000000e+00
3.212773180322808786e-01,5.185905950718691093e-01,0.000000000000000000e+00
4.327735262742901101e-01,8.089987044148270190e-01,0.000000000000000000e+00
6.089722538818072017e-01,1.608676302599383323e+00,0.000000000000000000e+00
3.152814401086123652e-01,1.073099377401242061e+00,0.000000000000000000e+00
2.970705347513913908e-01,1.407707642251529556e+00,0.000000000000000000e+00
2.046886475799035432e-01,8.081327708558668776e-01,0.000000000000000000e+00
4.666292273404852864e-01,8.787113591724684536e-01,0.000000000000000000e+00
1.794328395069915982e-01,7.846759011288957364e-01,0.000000000000000000e+00
5.934244850627330425e-01,1.137636576786507536e+00,0.000000000000000000e+00
4.319694336061551398e-01,1.303906850676346263e+00,0.000000000000000000e+00
3.448385442938194934e-01,1.246512908205340997e+00,0.000000000000000000e+00
5.787058786326835236e-01,9.074780588335558118e-01,0.000000000000000000e+00
4.010638850352866713e-01,5.909206376528552962e-01,0.000000000000000000e+00
4.459506742091071119e-01,8.562728624986825077e-01,0.000000000000000000e+00
3.349829781922841199e-01,7.705844433638170399e-01,0.000000000000000000e+00
4.339682798999054958e-01,1.279652074089693725e+00,0.000000000000000000e+00
4.622567615020477527e-01,1.097746507819256090e+00,0.000000000000000000e+00
1.330046110151718308e-01,7.267760369743299087e-01,0.000000000000000000e+00
7.988612494078448645e-01,1.037119788810912491e+00,0.000000000000000000e+00
4.557962592511125566e-01,4.916567280363176029e-01,0.000000000000000000e+00
3.183239025897701691e-01,1.043484707142239509e+00,0.000000000000000000e+00
1.134944547287179695e-01,8.516931267678644613e-01,0.000000000000000000e+00
1.661013611249279320e-01,7.190609371413866358e-01,0.000000000000000000e+00
-4.059202814328607967e-02,9.865450240736384213e-01,0.000000000000000000e+00
3.153462917517692587e-01,1.185692471393407610e+00,0.000000000000000000e+00
2.354574987959209831e-01,6.976385989404644272e-01,0.000000000000000000e+00
1.518176078817045083e-01,1.126653958063049465e+00,0.000000000000000000e+00
5.417925868149320312e-01,1.226775978489318630e+00,0.000000000000000000e+00
-1.544063581746821789e-01,6.871580991996703025e-01,0.000000000000000000e+00
4.748784109921656560e-01,9.343879012133728956e-01,0.000000000000000000e+00
-2.311169078507003261e-01,6.572922894955460782e-01,0.000000000000000000e+00
2.862382275371552209e-01,9.260306548872212495e-01,0.000000000000000000e+00
-3.746187853306631038e-02,1.063888775984064283e+00,0.000000000000000000e+00
4.923468676524234144e-01,9.607192835847029322e-01,0.000000000000000000e+00
2.707923494160255351e-01,1.067555993726608587e+00,0.000000000000000000e+00
3.076762414131900547e-01,6.654117837478028541e-01,0.000000000000000000e+00
3.830884330380578962e-01,1.262469079073101241e+00,0.000000000000000000e+00
4.404130272464942819e-02,1.356640700877318251e+00,0.000000000000000000e+00
1.526985466435333838e-01,1.106275943185719424e+00,0.000000000000000000e+00
1.872808822933396955e-01,1.143508162629176761e+00,0.000000000000000000e+00
-3.830109338724737578e-01,1.182814549234776802e+00,0.000000000000000000e+00
-2.863748872422292036e-02,1.239036321180333911e+00,0.000000000000000000e+00
3.203208223061432824e-01,7.214533399838254368e-01,0.000000000000000000e+00
1.464060866261496230e-01,1.058274139738456743e+00,0.000000000000000000e+00
7.041823766017525632e-02,1.301711575103612573e+00,0.000000000000000000e+00
-1.392013604944385141e-01,7.755962685422131964e-01,0.000000000000000000e+00
-2.319323380046492966e-01,1.466072021776394063e+00,0.000000000000000000e+00
1.612555023971717905e-02,1.342433382019934784e+00,0.000000000000000000e+00
3.906144804947154214e-01,6.870026045598989217e-01,0.000000000000000000e+00
3.498911018295233766e-02,9.602343645639751513e-01,0.000000000000000000e+00
1.047486280314688378e-02,1.115034448357780317e+00,0.000000000000000000e+00
1.840486325790966771e-01,9.169994690353825417e-01,0.000000000000000000e+00
-2.915069858073673359e-01,1.054795806926679846e+00,0.000000000000000000e+00
-1.352022145372794304e-01,1.225606633324618500e+00,0.000000000000000000e+00
-4.708525556091566755e-03,1.017959483715242808e+00,0.000000000000000000e+00
1.217985135181508805e-01,9.547709312384220492e-01,0.000000000000000000e+00
-7.280328370784752701e-02,1.051901621173180867e+00,0.000000000000000000e+00
-1.596276723580004608e-01,1.194687072373804337e+00,0.000000000000000000e+00
-2.851297915415915707e-01,1.261478452267875250e+00,0.000000000000000000e+00
1.470232843760415076e-01,1.234253133851977768e+00,0.000000000000000000e+00
2.522109814201484862e-02,1.015467244264677049e+00,0.000000000000000000e+00
-1.776354386979743238e-01,9.811225225840718434e-01,0.000000000000000000e+00
-3.146367797458601290e-01,9.307041123011527972e-01,0.000000000000000000e+00
-1.086023782228194012e-01,1.165151681367381231e+00,0.000000000000000000e+00
1.322502484640843690e-01,1.049581694013566491e+00,0.000000000000000000e+00
-8.427382819691046911e-02,1.077737815028668944e+00,0.000000000000000000e+00
-5.225180516068541614e-01,8.191650948547001265e-01,0.000000000000000000e+00
1.153839457580396050e-02,8.219839724475170861e-01,0.000000000000000000e+00
-2.348765796669083084e-01,8.802764074765684343e-01,0.000000000000000000e+00
-1.022264524508975647e-02,7.141025580814349683e-01,0.000000000000000000e+00
-2.446657953255877427e-01,5.871192672522367317e-01,0.000000000000000000e+00
5.445324151960419246e-02,1.167790396737901526e+00,0.000000000000000000e+00
-1.944025559713480344e-01,1.181510218913996768e+00,0.000000000000000000e+00
6.088144660382367734e-02,1.065559815829864476e+00,0.000000000000000000e+00
-2.444070561747284376e-02,8.286233462966783314e-01,0.000000000000000000e+00
-2.183165400197497608e-01,8.693285568825590559e-01,0.000000000000000000e+00
-2.867336883188563168e-01,9.498399775762338404e-01,0.000000000000000000e+00
-6.860609329462155626e-02,1.375265631103622654e+00,0.000000000000000000e+00
-3.285436071518729184e-01,1.304444295033109213e+00,0.000000000000000000e+00
2.087770331758734277e-02,1.119648279592889706e+00,0.000000000000000000e+00
3.141690789433481540e-02,1.093562300405234389e+00,0.000000000000000000e+00
-4.460160603236620891e-01,8.080769790839303912e-01,0.000000000000000000e+00
-2.466937589333862146e-01,9.776046725297942164e-01,0.000000000000000000e+00
3.406503209311896874e-01,1.166228259810312640e+00,0.000000000000000000e+00
-5.686413827630701356e-02,1.212927761737957244e+00,0.000000000000000000e+00
-3.835965602116693240e-01,1.568525657297711984e+00,0.000000000000000000e+00
-7.781949000150273354e-02,6.492422109613096293e-01,0.000000000000000000e+00
-5.895129308550541014e-02,2.207057355407358035e-01,0.000000000000000000e+00
-2.578598969587475587e-01,8.189013000768787798e-01,0.000000000000000000e+00
-2.520354344995982543e-01,9.596105515015006526e-01,0.000000000000000000e+00
-5.065052646972481032e-01,5.656191341124892080e-01,0.000000000000000000e+00
-6.730764137085493148e-02,8.855217767764194114e-01,0.000000000000000000e+00
-2.039169080891913843e-01,1.252429706334472481e+00,0.000000000000000000e+00
-2.730561768208260576e-01,8.238929073365294231e-01,0.000000000000000000e+00
-2.291622845987937307e-01,1.078993429880929167e+00,0.000000000000000000e+00
-2.658992715260025674e-01,9.349834221627341124e-01,0.000000000000000000e+00
-4.336667939121670035e-01,8.856315671810094381e-01,0.000000000000000000e+00
-2.809675754097848976e-01,1.093815010155402501e+00,0.000000000000000000e+00
2.399641543327057369e-01,6.951102738707152229e-01,0.000000000000000000e+00
1.551520831488342744e-01,1.179485537444111554e+00,0.000000000000000000e+00
-6.780767218183225697e-02,7.837998006989108646e-01,0.000000000000000000e+00
-7.603468821977923953e-02,2.722087313246150941e-01,0.000000000000000000e+00
-6.939815309891315120e-01,1.238759886181703074e+00,0.000000000000000000e+00
-4.551400987519899077e-01,9.572329165955012487e-01,0.000000000000000000e+00
-2.469921747318471195e-01,7.873689365871553436e-01,0.000000000000000000e+00
-1.886915808901142577e-01,1.093546270028593170e+00,0.000000000000000000e+00
-5.391011960275219339e-01,1.239730159154342815e+00,0.000000000000000000e+00
-6.466005970311936579e-01,8.108329119380339733e-01,0.000000000000000000e+00
-5.038838355288893789e-02,1.211245834093039431e+00,0.000000000000000000e+00
-4.098177495885113042e-01,7.073177100545671170e-01,0.000000000000000000e+00
-6.485276712765749574e-01,1.094730117106502920e+00,0.000000000000000000e+00
-5.881577151904489043e-01,8.657163713695338325e-01,0.000000000000000000e+00
-1.494590958334520714e-01,1.084261440738869986e+00,0.000000000000000000e+00
-9.363664017511949544e-02,9.648262645282529304e-01,0.000000000000000000e+00
-6.081261514304322491e-01,6.609355187269864151e-01,0.000000000000000000e+00
-2.224634191172699393e-01,7.080729861105982126e-01,0.000000000000000000e+00
-2.940121481793283031e-01,9.198609617968821484e-01,0.000000000000000000e+00
-3.650331817430825798e-01,7.777567513135070776e-01,0.000000000000000000e+00
-1.811654913198147976e-01,6.233388230284082621e-01,0.000000000000000000e+00
1.843627808903869347e-02,1.140029764598923245e+00,0.000000000000000000e+00
-1.941220849747150312e-01,7.644389651732756974e-01,0.000000000000000000e+00
-5.355983362387225499e-01,8.802649631059356050e-01,0.000000000000000000e+00
-4.931316026898308058e-01,6.458066413962275654e-01,0.000000000000000000e+00
-2.358210753563258488e-01,6.380258877385543981e-01,0.000000000000000000e+00
-1.915035722898377757e-01,1.014087741170174306e+00,0.000000000000000000e+00
-6.039807228948077533e-01,9.963963473290549100e-01,0.000000000000000000e+00
-3.071382276160512514e-01,7.165624754571291444e-01,0.000000000000000000e+00
4.061973720697364953e-02,1.240562219927477505e+00,0.000000000000000000e+00
-3.243265612561349043e-01,8.599423629618920817e-01,0.000000000000000000e+00
-2.308244352047030545e-01,1.147739351416821707e+00,0.000000000000000000e+00
-3.020307656534926277e-01,6.779337024165481562e-01,0.000000000000000000e+00
-5.850492780503400159e-01,1.157337585426486015e+00,0.000000000000000000e+00
-3.793066629449413640e-01,7.845756866761962600e-01,0.000000000000000000e+00
-7.162280643252010304e-01,9.388572771353159707e-01,0.000000000000000000e+00
-4.472975549513256155e-01,9.219406994588155158e-01,0.000000000000000000e+00
-5.299576708227442534e-01,1.239126715542329560e+00,0.000000000000000000e+00
-3.946721847789036453e-01,6.395577484629701992e-01,0.000000000000000000e+00
-3.480723042179657001e-01,7.367013071526211654e-01,0.000000000000000000e+00
-5.125370511238518390e-01,7.233816426879865480e-01,0.000000000000000000e+00
-3.214946472861264781e-01,7.953940530465596348e-01,0.000000000000000000e+00
-7.160876117814024555e-02,8.423044148859619717e-01,0.000000000000000000e+00
-4.207561975566332380e-01,9.069796909039754551e-01,0.000000000000000000e+00
-3.253543829800766840e-01,8.065013155420337476e-01,0.000000000000000000e+00
-1.750848835554202620e-01,6.151005738277434132e-01,0.000000000000000000e+00
-5.938965210719071575e-01,1.098973897754673690e+00,0.000000000000000000e+00
-5.972827915568833523e-01,6.423792637815036732e-01,0.000000000000000000e+00
-6.824408811847259004e-01,8.438050978411371084e-01,0.000000000000000000e+00
-5.277808643459475091e-01,1.077370316149511398e+00,0.000000000000000000e+00
-4.813159469090132481e-01,1.017389786183999112e+00,0.000000000000000000e+00
-7.152479561072740966e-01,8.035877580329841008e-01,0.000000000000000000e+00
-8.704394326417190797e-01,9.277738895579655809e-01,0.000000000000000000e+00
-7.083954551399221922e-01,6.174233222793812370e-01,0.000000000000000000e+00
-1.017628156215589108e+00,1.010895727533479782e+00,0.000000000000000000e+00
-3.813875705625927592e-01,1.289022091729850494e+00,0.000000000000000000e+00
-1.000310055980635049e+00,5.867496562085273704e-01,0.000000000000000000e+00
-7.354092407687268240e-01,8.119475434483249821e-01,0.000000000000000000e+00
-3.454451005467057967e-01,8.605846195591159153e-01,0.000000000000000000e+00
-6.953629146463035093e-01,7.617016204440114624e-01,0.000000000000000000e+00
-8.549095221297582370e-01,1.078595299586354139e+00,0.000000000000000000e+00
-4.282344416503769957e-01,4.430630217117564329e-01,0.000000000000000000e+00
-3.249913209623751520e-01,7.085055889031992571e-01,0.000000000000000000e+00
-6.526036544775885018e-01,1.084466130121485294e+00,0.000000000000000000e+00
-8.812235155600137704e-01,4.071229330417395209e-01,0.000000000000000000e+00
-9.387146760383016098e-01,8.002990707160444472e-01,0.000000000000000000e+00
-7.981251836019935819e-01,1.025118595262477061e+00,0.000000000000000000e+00
-7.935470137541736912e-01,8.605687031022662969e-01,0.000000000000000000e+00
-9.228682952596782840e-01,7.667226444968779919e-01,0.000000000000000000e+00
-1.170655189334556701e+00,8.243066787334196732e-01,0.000000000000000000e+00
-4.764789745818345246e-01,5.298579829974210398e-01,0.000000000000000000e+00
-3.899250191652330333e-01,6.424135629378980861e-01,0.000000000000000000e+00
-7.681280833823876941e-01,7.756241373416944418e-01,0.000000000000000000e+00
-7.003523868371133165e-01,6.202819544962556719e-01,0.000000000000000000e+00
-8.593400252146226048e-01,7.279022419847950287e-01,0.000000000000000000e+00
-3.253577159783337391e-01,2.917776257418837615e-01,0.000000000000000000e+00
5.935512412322441200e-02,6.356479796749695543e-01,0.000000000000000000e+00
-7.229087177160938849e-01,9.018575083411106696e-01,0.000000000000000000e+00
-9.652703963852329316e-01,6.111750711094537936e-01,0.000000000000000000e+00
-9.828741955381589124e-01,7.603387769632311555e-01,0.000000000000000000e+00
-8.369568296211016278e-01,1.326214069566590492e+00,0.000000000000000000e+00
-7.238983690119168424e-01,9.323983253471503918e-01,0.000000000000000000e+00
-9.130930367053895491e-01,3.815430193013805149e-01,0.000000000000000000e+00
-8.393113599318303697e-01,8.053701650112977672e-01,0.000000000000000000e+00
-8.126111596884091348e-01,8.669678306514659871e-01,0.000000000000000000e+00
-7.990493178691986387e-01,1.230902594584644572e+00,0.000000000000000000e+00
-1.122712323600089546e+00,9.957453046990465406e-01,0.000000000000000000e+00
-1.188169437096506798e+00,8.320246090513122583e-01,0.000000000000000000e+00
-7.162026075700281824e-01,9.016478844316253571e-01,0.000000000000000000e+00
-7.542771128327160346e-01,5.996149316421345299e-01,0.000000000000000000e+00
-9.372152662395809575e-01,4.958142669854606610e-01,0.000000000000000000e+00
-4.000978997780598179e-01,8.328871330633043080e-01,0.000000000000000000e+00
-3.969882857332664439e-01,1.288022267633033957e+00,0.000000000000000000e+00
-1.029685643900476677e+00,2.991241178857367844e-01,0.000000000000000000e+00
-5.987084984698913814e-01,7.806011066916137553e-01,0.000000000000000000e+00
-6.993559589561757495e-01,5.550289732334107162e-01,0.000000000000000000e+00
-7.389079367288502453e-01,1.021453640086357417e+00,0.000000000000000000e+00
-8.788552051055747993e-01,6.849213208973612410e-01,0.000000000000000000e+00
-1.118141781589728323e+00,6.051834532456881188e-01,0.000000000000000000e+00
-8.126079707415880815e-01,2.862797531621101843e-01,0.000000000000000000e+00
-8.103130640621800662e-01,4.857075754313352478e-01,0.000000000000000000e+00
-9.441045178052405173e-01,7.886079602106994546e-01,0.000000000000000000e+00
-7.829016996107789339e-01,2.140872135610576432e-01,0.000000000000000000e+00
-8.348262513995641232e-01,7.068541403094475983e-01,0.000000000000000000e+00
-1.021330779276183875e+00,1.524682401775496743e-01,0.000000000000000000e+00
-8.541845945486874481e-01,9.973379804856479236e-01,0.000000000000000000e+00
-9.787847816703335591e-01,7.077471941852556681e-01,0.000000000000000000e+00
-9.739911677182948591e-01,6.312495255589662957e-01,0.000000000000000000e+00
-7.691739606385095129e-01,7.517252404750390804e-01,0.000000000000000000e+00
-1.063750062893622950e+00,7.101928842891441773e-01,0.000000000000000000e+00
-7.941342110135535259e-01,8.593834498680702483e-01,0.000000000000000000e+00
-1.185427362627911707e+00,5.162948879359554599e-01,0.000000000000000000e+00
-7.397888182060529116e-01,8.036923069352671645e-01,0.000000000000000000e+00
-6.532475736237712827e-01,7.906841381340148356e-01,0.000000000000000000e+00
-9.613212712532542836e-01,2.216713365053211704e-01,0.000000000000000000e+00
-1.050280326005603726e+00,7.903776269711696445e-01,0.000000000000000000e+00
-6.170834954481925205e-01,4.035689453272384153e-01,0.000000000000000000e+00
-1.064260615583606961e+00,2.622799372547771068e-01,0.000000000000000000e+00
-5.067036773067890021e-01,4.887895883214863901e-01,0.000000000000000000e+00
-7.879633101520727712e-01,4.413742896451098296e-01,0.000000000000000000e+00
-1.114591564137046298e+00,5.006485425074567175e-01,0.000000000000000000e+00
-5.946238163704242741e-01,4.843208072047442969e-01,0.000000000000000000e+00
-8.933575783469211995e-01,5.254901323158021054e-01,0.000000000000000000e+00
-9.768252186312964547e-01,2.776812767475159149e-01,0.000000000000000000e+00
-8.879028382472524683e-01,6.437298636280194275e-01,0.000000000000000000e+00
-1.052198971567576358e+00,2.346446748590839404e-01,0.000000000000000000e+00
-9.508356027412574463e-01,4.328619440965368326e-01,0.000000000000000000e+00
-1.232142147723563674e+00,3.937463029602111253e-01,0.000000000000000000e+00
-1.115688511499981939e+00,5.755527289980233441e-01,0.000000000000000000e+00
-1.028659981031008197e+00,7.198181775739543875e-01,0.000000000000000000e+00
-1.047723388816889756e+00,4.908341721490681042e-01,0.000000000000000000e+00
-5.554190798575351362e-01,2.969344501243608714e-01,0.000000000000000000e+00
-9.314853141312858797e-01,9.687418098297109204e-01,0.000000000000000000e+00
-1.221817906066930748e+00,6.211643873599601573e-01,0.000000000000000000e+00
-8.207163513376785069e-01,4.313619361840894117e-01,0.000000000000000000e+00
-9.587493725812805678e-01,5.134313238241063893e-01,0.000000000000000000e+00
-6.839194578927419998e-01,9.091116019347396104e-01,0.000000000000000000e+00
-8.315842030269948726e-01,7.684556882366516684e-01,0.000000000000000000e+00
-8.816708289696421064e-01,7.956052542317322285e-01,0.000000000000000000e+00
-4.579084384531598717e-01,5.569987896555694817e-01,0.000000000000000000e+00
-1.178580222012630019e+00,4.928700452478086969e-01,0.000000000000000000e+00
-8.652348192159933227e-01,9.521496323372638515e-02,0.000000000000000000e+00
-1.133793660652030688e+00,6.075183828931323138e-01,0.000000000000000000e+00
-6.540332500233443369e-01,6.366003629733761882e-01,0.000000000000000000e+00
-9.429134063703283886e-01,3.537591476077869279e-01,0.000000000000000000e+00
-9.465454323323080343e-01,1.386101193984911051e-01,0.000000000000000000e+00
-9.426215213698398987e-01,4.475202409972877104e-01,0.000000000000000000e+00
-1.060820865150334802e+00,1.209925732271465992e-01,0.000000000000000000e+00
-1.131650186476431230e+00,1.713629104440494155e-01,0.000000000000000000e+00
-1.063939285952737457e+00,4.847876331071161449e-01,0.000000000000000000e+00
-9.448008329991380849e-01,3.379066038882759804e-01,0.000000000000000000e+00
-1.091928168461417048e+00,6.103423408695807240e-01,0.000000000000000000e+00
-8.821933796080995149e-01,3.589601487875051511e-01,0.000000000000000000e+00
-6.696956906495552531e-01,7.641404277995432759e-01,0.000000000000000000e+00
-9.735051630129839539e-01,4.702290312151992113e-01,0.000000000000000000e+00
-6.952559296080211837e-01,5.786035229078757558e-01,0.000000000000000000e+00
-9.282587377797227868e-01,1.538637419863315148e-01,0.000000000000000000e+00
-8.765633144401174803e-01,5.265424649518612998e-01,0.000000000000000000e+00
-9.305439975622481485e-01,1.968135168804496238e-01,0.000000000000000000e+00
-9.793535788773358730e-01,5.606777657882411336e-01,0.000000000000000000e+00
-1.089545893108211372e+00,1.241136612816833573e-01,0.000000000000000000e+00
-1.202680001744523608e+00,3.244675788729950439e-01,0.000000000000000000e+00
-1.136439817215135539e+00,2.172136806721230995e-01,0.000000000000000000e+00
-1.466823288793158042e+00,1.406829155208966231e-01,0.000000000000000000e+00
-7.003238383575128845e-01,-2.705383562821933596e-02,0.000000000000000000e+00
-1.219673562485534379e+00,3.805698631323040093e-01,0.000000000000000000e+00
-1.193380834358259257e+00,2.553911775530540162e-01,0.000000000000000000e+00
-9.510854209060901621e-01,1.698121136279518439e-01,0.000000000000000000e+00
-1.094214804841038724e+00,-1.587688460607943608e-01,0.000000000000000000e+00
-6.500628113036022171e-01,1.025062258140878313e-01,0.000000000000000000e+00
-5.117532621703545503e-01,4.772946792143281103e-01,0.000000000000000000e+00
-1.009577600219490501e+00,5.550837683417644275e-01,0.000000000000000000e+00
-8.619028009088812725e-01,-4.259080874191016608e-02,0.000000000000000000e+00
-1.248150217279877960e+00,3.586896713522338409e-01,0.000000000000000000e+00
-1.122681422362023618e+00,1.765909773763802149e-01,0.000000000000000000e+00
-1.344391827538929496e+00,3.918933393206154858e-01,0.000000000000000000e+00
-8.301715189637595138e-01,5.136427271470311862e-01,0.000000000000000000e+00
-4.074616480249393935e-01,2.855611581734122106e-01,0.000000000000000000e+00
-6.593559834273772235e-01,2.099404371185359941e-01,0.000000000000000000e+00
-5.617776530591094275e-01,2.084825536631135789e-01,0.000000000000000000e+00
-9.236706955393930718e-01,7.382924080474417838e-03,0.000000000000000000e+00
-8.761271224384155065e-01,-8.599061783490431765e-02,0.000000000000000000e+00
-8.219689237310618957e-01,7.728528124422880952e-01,0.000000000000000000e+00
-6.662602137767008603e-01,2.556613264257578400e-01,0.000000000000000000e+00
-6.904121980660165026e-01,5.003877456892658060e-01,0.000000000000000000e+00
-9.682774652609384969e-01,3.512950879942416949e-01,0.000000000000000000e+00
-1.088599372562161660e+00,8.879204802306116251e-02,0.000000000000000000e+00
-5.982904130116288854e-01,6.758653570249691933e-01,0.000000000000000000e+00
-9.994799383791562741e-01,1.311339174475104341e-01,0.000000000000000000e+00
-6.781178506143943352e-01,-2.380686939441088723e-01,0.000000000000000000e+00
-1.106944449546376052e+00,8.524680089410738293e-02,0.000000000000000000e+00
-1.123313258900385136e+00,-4.347714434671520189e-01,0.000000000000000000e+00
-1.172921612379470790e+00,1.080816603888055394e-01,0.000000000000000000e+00
-9.496324158677658112e-01,3.996931858974847596e-01,0.000000000000000000e+00
-7.382358957209032013e-01,2.909442073598590417e-01,0.000000000000000000e+00
-9.018444550724999953e-01,1.222313446875939180e-01,0.000000000000000000e+00
-6.325871593309539964e-01,-3.874813692482129701e-01,0.000000000000000000e+00
-1.197382839548284394e+00,-1.022490367177140980e-01,0.000000000000000000e+00
-6.641535523619961356e-01,-1.598626344745572858e-01,0.000000000000000000e+00
-8.510431929560500208e-01,2.133812938735452913e-01,0.000000000000000000e+00
-1.084532953739644201e+00,3.782140944360133372e-01,0.000000000000000000e+00
-1.234392646219814704e+00,7.144522570426192765e-01,0.000000000000000000e+00
-7.741146160878745741e-01,-3.729271927974631140e-02,0.000000000000000000e+00
-1.278425898629981683e+00,-1.891342419869062319e-01,0.000000000000000000e+00
-1.089478096182540767e+00,-2.953960632003453934e-01,0.000000000000000000e+00
-1.288614265437532769e+00,-4.525610954680579501e-01,0.000000000000000000e+00
-1.059640891827456466e+00,-1.428483064952443260e-01,0.000000000000000000e+00
-5.714999160693636782e-01,8.266349715166416978e-02,0.000000000000000000e+00
-1.077075186502873372e+00,-4.637460227899649068e-01,0.000000000000000000e+00
-1.034903345679301756e+00,4.441178726501689156e-02,0.000000000000000000e+00
1.731070733682525287e+00,2.449658116008308351e-01,1.000000000000000000e+00
1.861199255885319204e+00,4.604510846383038092e-01,1.000000000000000000e+00
2.121488103388709856e+00,7.887935071114832164e-01,1.000000000000000000e+00
2.067156353967996907e+00,9.043029525045058747e-01,1.000000000000000000e+00
2.353176686959391972e+00,3.255427118770657935e-01,1.000000000000000000e+00
1.802311111131304822e+00,4.867510078670117535e-01,1.000000000000000000e+00
2.214026806616041121e+00,3.682241501381924298e-01,1.000000000000000000e+00
2.372766026309675702e+00,6.502170912005929004e-01,1.000000000000000000e+00
2.160129020242151920e+00,2.404142248358068779e-01,1.000000000000000000e+00
1.930176889087351189e+00,3.333363151831892912e-01,1.000000000000000000e+00
1.636903020287062471e+00,7.352661775756303975e-01,1.000000000000000000e+00
1.665986238428740496e+00,6.711706578343576979e-01,1.000000000000000000e+00
1.942908725494640221e+00,5.405768697812185497e-01,1.000000000000000000e+00
1.687674702812406391e+00,6.126209204354788884e-01,1.000000000000000000e+00
1.986107671608037917e+00,7.774265563329060269e-01,1.000000000000000000e+00
1.971084585852327820e+00,5.170099283781482979e-01,1.000000000000000000e+00
2.224872604016911115e+00,6.556530955767915225e-01,1.000000000000000000e+00
1.739825753830706034e+00,6.953479747111752651e-01,1.000000000000000000e+00
1.576170272658995231e+00,2.967172757014751583e-01,1.000000000000000000e+00
1.784591605191761632e+00,3.761374496992984096e-01,1.000000000000000000e+00
1.928379276006225274e+00,2.125374671030391405e-01,1.000000000000000000e+00
2.304971887428290955e+00,-1.269415365953404373e-01,1.000000000000000000e+00
2.065035335828624863e+00,6.385106206235467985e-01,1.000000000000000000e+00
2.209545402925454205e+00,4.007588579781342641e-01,1.000000000000000000e+00
2.260925885864002893e+00,8.915010777717019552e-02,1.000000000000000000e+00
1.884606080574349418e+00,3.793098447307955423e-01,1.000000000000000000e+00
1.932869037272040291e+00,1.022288930221659231e-01,1.000000000000000000e+00
2.012570020505536128e+00,3.786695801390389526e-01,1.000000000000000000e+00
2.007168312377875630e+00,3.640701523329810119e-01,1.000000000000000000e+00
2.158406504975464379e+00,1.499035142799837184e-01,1.000000000000000000e+00
2.015593108920090248e+00,4.650161238308377909e-01,1.000000000000000000e+00
2.441363029116618399e+00,1.973170533525881454e-01,1.000000000000000000e+00
1.990448396573191170e+00,4.193697872308406738e-01,1.000000000000000000e+00
2.148939532124194862e+00,3.822537963755673340e-01,1.000000000000000000e+00
1.571061255965692238e+00,5.521042296876669253e-01,1.000000000000000000e+00
2.049871969420487883e+00,2.510642886175569743e-01,1.000000000000000000e+00
1.864924483431169344e+00,3.191645647756078397e-01,1.000000000000000000e+00
1.511327503488091750e+00,3.626729997911820602e-01,1.000000000000000000e+00
1.799767207292406912e+00,3.765785006548411085e-01,1.000000000000000000e+00
1.852193546695471538e+00,1.492888293575697078e-01,1.000000000000000000e+00
2.066278168213291355e+00,2.606133615843738149e-01,1.000000000000000000e+00
1.868853014904283016e+00,4.340094587741991639e-01,1.000000000000000000e+00
1.978278281241118375e+00,3.259894522925781968e-01,1.000000000000000000e+00
2.322329116483298872e+00,3.195096499244167720e-01,1.000000000000000000e+00
2.019070744730508071e+00,5.843089543900601424e-01,1.000000000000000000e+00
1.998216428314369075e+00,4.188929244413773789e-01,1.000000000000000000e+00
1.724444928516491338e+00,-1.606074024094403807e-01,1.000000000000000000e+00
1.945515793612367483e+00,2.112746449563668028e-01,1.000000000000000000e+00
2.075230945522993586e+00,-8.315897276892109113e-02,1.000000000000000000e+00
1.723455101038740667e+00,3.571297762278223265e-01,1.000000000000000000e+00
2.072919320199915649e+00,6.556011574533002761e-01,1.000000000000000000e+00
1.742664663711404494e+00,-1.034485567302933368e-01,1.000000000000000000e+00
2.107457654401038827e+00,1.388509759972459401e-01,1.000000000000000000e+00
2.208014737443926290e+00,3.451854663356364039e-01,1.000000000000000000e+00
1.793631517793922825e+00,-2.199993661244792342e-02,1.000000000000000000e+00
2.082129143671806126e+00,4.866602456445987546e-01,1.000000000000000000e+00
2.071894284388189345e+00,-1.574738395112573464e-01,1.000000000000000000e+00
1.941708730818324069e+00,-1.209116496531459778e-01,1.000000000000000000e+00
1.705568147794537470e+00,1.778093382715863757e-01,1.000000000000000000e+00
1.874914209529777720e+00,4.277089718685481157e-02,1.000000000000000000e+00
2.046476526022216191e+00,3.425704937326655430e-03,1.000000000000000000e+00
2.360805435502740135e+00,-7.264761279591641641e-02,1.000000000000000000e+00
1.464288104028624193e+00,-4.734644527598758784e-02,1.000000000000000000e+00
2.323342695193313823e+00,1.620379403477570368e-01,1.000000000000000000e+00
2.102437369440588899e+00,2.579305186600922561e-01,1.000000000000000000e+00
1.717615634727754470e+00,3.385223970103539703e-01,1.000000000000000000e+00
1.958583683387915109e+00,7.691156594817973036e-02,1.000000000000000000e+00
1.518389035413462818e+00,2.198243091249788006e-01,1.000000000000000000e+00
1.606172759546310225e+00,1.537640186689460675e-01,1.000000000000000000e+00
2.283332139419465445e+00,1.302292296773616687e-01,1.000000000000000000e+00
2.014880937938019478e+00,-1.590036806909975731e-01,1.000000000000000000e+00
2.107746605801441575e+00,7.584013387091524672e-02,1.000000000000000000e+00
1.762254543420848529e+00,-3.518874075088914699e-01,1.000000000000000000e+00
1.680875473648053120e+00,7.230601952634896357e-02,1.000000000000000000e+00
2.181169843481688631e+00,-1.701710902211087673e-01,1.000000000000000000e+00
2.005943866381397989e+00,-3.008836482937504719e-02,1.000000000000000000e+00
2.132924105394635284e+00,-1.774024658699562274e-01,1.000000000000000000e+00
1.577123084622713778e+00,-2.975111770575301628e-01,1.000000000000000000e+00
1.712568961611381280e+00,-2.204145999624889107e-01,1.000000000000000000e+00
1.654816124045299652e+00,3.185260390149043108e-02,1.000000000000000000e+00
1.862900025484223621e+00,-2.272490748457034471e-01,1.000000000000000000e+00
1.742879968617442543e+00,1.698570747568897144e-01,1.000000000000000000e+00
1.758911246022148767e+00,-1.997313970651551085e-01,1.000000000000000000e+00
1.687185980680908637e+00,-1.428860313990999997e-01,1.000000000000000000e+00
1.769653083226988111e+00,5.756381540087971566e-02,1.000000000000000000e+00
2.217512849628488603e+00,-2.956056922153411093e-01,1.000000000000000000e+00
2.036741593794717975e+00,3.671130330137648556e-01,1.000000000000000000e+00
1.904945945997103873e+00,-3.699492913988192688e-01,1.000000000000000000e+00
1.584091636107326506e+00,-9.671363054686370198e-02,1.000000000000000000e+00
1.677986441370143522e+00,3.746566582975013882e-01,1.000000000000000000e+00
1.616544707593609687e+00,-9.315572549439350702e-02,1.000000000000000000e+00
1.779088051322885278e+00,-3.193996125597192148e-01,1.000000000000000000e+00
1.650872334590331780e+00,-1.603706133159285285e-01,1.000000000000000000e+00
1.799970924984817255e+00,-3.157385849699571034e-01,1.000000000000000000e+00
1.670283252801429308e+00,-3.701264427819498382e-01,1.000000000000000000e+00
1.877117593457801492e+00,1.616107444229653578e-01,1.000000000000000000e+00
1.738803086947037224e+00,-2.987134727167457537e-01,1.000000000000000000e+00
1.538959857651384988e+00,-3.172135640940220713e-01,1.000000000000000000e+00
1.835506539087006006e+00,2.757615751240416468e-01,1.000000000000000000e+00
1.700821608736682311e+00,-3.967571548044864227e-01,1.000000000000000000e+00
1.816679004886380788e+00,-4.321493708527463506e-01,1.000000000000000000e+00
1.729327783704486921e+00,-1.582223121273275968e-01,1.000000000000000000e+00
1.781097847120027167e+00,-3.631869912313366311e-01,1.000000000000000000e+00
1.729837586700125884e+00,-2.316559442418436032e-01,1.000000000000000000e+00
1.940702918920054865e+00,-1.398848919080889486e-01,1.000000000000000000e+00
1.749980089384827631e+00,-2.302285348115823416e-02,1.000000000000000000e+00
1.826479283863042369e+00,-1.938719669279514723e-01,1.000000000000000000e+00
1.744691975127526051e+00,1.270962921340266227e-01,1.000000000000000000e+00
1.901552165095975910e+00,-2.239779483170007413e-01,1.000000000000000000e+00
1.705591644170999288e+00,-4.293540164710131779e-01,1.000000000000000000e+00
1.849009530904379028e+00,-4.032344581474874845e-01,1.000000000000000000e+00
1.795983860058638415e+00,2.654685633432378178e-01,1.000000000000000000e+00
2.106676410784137587e+00,-1.054342072025306193e-01,1.000000000000000000e+00
1.512404059281905688e+00,-1.991995955599683565e-01,1.000000000000000000e+00
2.028897617590541103e+00,1.492539470174578109e-01,1.000000000000000000e+00
2.014787814133003785e+00,1.998972891154798259e-01,1.000000000000000000e+00
1.701537764635518757e+00,-3.351362479654553805e-01,1.000000000000000000e+00
1.937614143820280743e+00,-2.348436461012518295e-01,1.000000000000000000e+00
1.612112050334090219e+00,5.692455238640373172e-02,1.000000000000000000e+00
1.579143255143873770e+00,-5.164583244487619407e-01,1.000000000000000000e+00
1.566055479199178979e+00,3.859995199454588910e-01,1.000000000000000000e+00
1.298441875492152953e+00,-3.657779711912889642e-01,1.000000000000000000e+00
1.560992167910942197e+00,-2.819632176191844142e-01,1.000000000000000000e+00
1.754754750362176541e+00,-5.795678681960425571e-01,1.000000000000000000e+00
2.019413553227530134e+00,1.552681189459521605e-01,1.000000000000000000e+00
1.620550567480161019e+00,-1.319841431755968547e-02,1.000000000000000000e+00
1.943572799049126720e+00,-3.016571821203423709e-01,1.000000000000000000e+00
2.130404323997390215e+00,-9.169314378626826356e-02,1.000000000000000000e+00
1.194833701740637633e+00,-1.741976947741354642e-01,1.000000000000000000e+00
1.632379214625667485e+00,-4.238645585180890740e-01,1.000000000000000000e+00
1.767982364733259759e+00,6.069688331924164015e-02,1.000000000000000000e+00
1.871104434780703984e+00,-3.126932356819678294e-01,1.000000000000000000e+00
1.853360023805569190e+00,-1.518285154081511490e-01,1.000000000000000000e+00
1.629920805605634682e+00,-2.108897126490101304e-01,1.000000000000000000e+00
2.059018219211846912e+00,-2.202675993518065645e-01,1.000000000000000000e+00
1.488386272809669286e+00,-1.511314530840424664e-01,1.000000000000000000e+00
1.681571799208897211e+00,2.193251631493264853e-02,1.000000000000000000e+00
1.667568839031187800e+00,6.176708132215316671e-02,1.000000000000000000e+00
1.850195700563082246e+00,-2.430974389885547371e-01,1.000000000000000000e+00
1.475355351114126856e+00,-6.596485155270466194e-01,1.000000000000000000e+00
1.623759694524379960e+00,-6.529797342249854530e-01,1.000000000000000000e+00
1.927358235415967069e+00,1.134697784329326553e-01,1.000000000000000000e+00
1.467554272759210798e+00,-4.406885076441228732e-01,1.000000000000000000e+00
1.704951971471680983e+00,-5.734718606890399917e-01,1.000000000000000000e+00
1.607832240408157309e+00,-2.914532928308276039e-01,1.000000000000000000e+00
1.427304614035288299e+00,-3.286984443078361795e-01,1.000000000000000000e+00
1.665496916615229805e+00,-1.052810169564525333e-01,1.000000000000000000e+00
1.604845049910307742e+00,-1.787676624439901718e-02,1.000000000000000000e+00
1.677111436269153710e+00,-1.585918019772322440e-01,1.000000000000000000e+00
1.490809940031666558e+00,-2.428808561729242088e-01,1.000000000000000000e+00
1.553842617120516856e+00,-3.720701810935663767e-01,1.000000000000000000e+00
1.309984111668388129e+00,-3.213304532724799434e-01,1.000000000000000000e+00
1.714453785453014634e+00,-3.332131455302875800e-01,1.000000000000000000e+00
1.574530395649845316e+00,-3.277654946962592075e-01,1.000000000000000000e+00
1.419192475095926609e+00,-7.496179112237288944e-01,1.000000000000000000e+00
1.619675298356009652e+00,-1.443100454308773040e-01,1.000000000000000000e+00
1.889217160325454836e+00,-1.620422023694895186e-01,1.000000000000000000e+00
1.663517105381180583e+00,-9.099579680518889990e-01,1.000000000000000000e+00
1.305543583366179261e+00,-4.969824007867507110e-01,1.000000000000000000e+00
1.069686132145737600e+00,-2.372981153764031070e-01,1.000000000000000000e+00
1.879572995622983411e+00,-4.211200338130480780e-01,1.000000000000000000e+00
1.719734904837754375e+00,-3.586029261593751682e-01,1.000000000000000000e+00
1.574162802154633001e+00,-5.915543012541799595e-01,1.000000000000000000e+00
1.107397175284720259e+00,-2.462238773085675125e-01,1.000000000000000000e+00
1.198990580468739520e+00,-3.984433466387844458e-01,1.000000000000000000e+00
1.348506496116039122e+00,-2.594584398933603708e-01,1.000000000000000000e+00
1.497394291517359477e+00,-7.244792965120049333e-01,1.000000000000000000e+00
1.194747564240040028e+00,-5.833039517789677664e-01,1.000000000000000000e+00
1.376438951026118795e+00,-7.253347656398403953e-02,1.000000000000000000e+00
1.535683620599324284e+00,-8.849557058029746681e-01,1.000000000000000000e+00
1.624892466369345145e+00,-8.024789695560125002e-01,1.000000000000000000e+00
1.512038944009491459e+00,-9.342749906472331833e-01,1.000000000000000000e+00
1.321416483782836826e+00,-2.478353227290537308e-01,1.000000000000000000e+00
1.504665648242719866e+00,-2.327068935474246592e-01,1.000000000000000000e+00
1.122235454429582058e+00,-2.607351358178380263e-01,1.000000000000000000e+00
1.405905306928911802e+00,-3.177875612523398119e-01,1.000000000000000000e+00
1.183349086391751515e+00,-7.954484106407537780e-01,1.000000000000000000e+00
1.284185064667029863e+00,-3.828063490893242049e-01,1.000000000000000000e+00
1.299374290088946893e+00,-4.361174773293952645e-01,1.000000000000000000e+00
1.591106506027674339e+00,-3.228126511655777797e-01,1.000000000000000000e+00
1.375937130049991852e+00,2.081879982700277076e-02,1.000000000000000000e+00
1.243355797722438982e+00,-5.415887740540288320e-01,1.000000000000000000e+00
1.228232843286574338e+00,-2.971355419960676203e-01,1.000000000000000000e+00
1.370756979198680892e+00,-4.881099585928861950e-01,1.000000000000000000e+00
1.535878791852140157e+00,-4.064765331228123446e-01,1.000000000000000000e+00
1.365758732712316625e+00,-3.618551701735076565e-01,1.000000000000000000e+00
1.511403380089139770e+00,-8.672017817422238428e-01,1.000000000000000000e+00
1.458046107444915362e+00,-6.459953096642375714e-01,1.000000000000000000e+00
1.029888184722398403e+00,-2.224626492634960429e-01,1.000000000000000000e+00
1.375582348579488690e+00,-5.157068517765717175e-01,1.000000000000000000e+00
1.508637250729317092e+00,-6.726490115082010002e-01,1.000000000000000000e+00
1.397449705305746637e+00,-4.074327796912842747e-01,1.000000000000000000e+00
1.345533621753049580e+00,-5.882472342534619258e-01,1.000000000000000000e+00
1.491483189719167379e+00,-5.477244509649210613e-01,1.000000000000000000e+00
1.449696626009784328e+00,-3.594431315233931334e-01,1.000000000000000000e+00
1.748565560218386938e+00,-6.126538681104639616e-01,1.000000000000000000e+00
1.397548253093201742e+00,-7.464925632180507975e-01,1.000000000000000000e+00
8.834941460839574878e-01,-4.879518933010340009e-01,1.000000000000000000e+00
1.343193266905793548e+00,-8.719690382302156539e-01,1.000000000000000000e+00
1.423233909748040871e+00,-7.729259431559026838e-02,1.000000000000000000e+00
1.754628562988882035e+00,-4.929245911760487542e-01,1.000000000000000000e+00
1.399798017133340400e+00,-8.963555818170917400e-01,1.000000000000000000e+00
1.331539095917936733e+00,-5.885610217238512742e-01,1.000000000000000000e+00
1.517366359370034168e+00,-4.019881175053009459e-01,1.000000000000000000e+00
1.339043890917702928e+00,-3.825329211479192582e-01,1.000000000000000000e+00
1.430469131997591292e+00,-6.240853041598644069e-01,1.000000000000000000e+00
8.451980257887670156e-01,-4.937595397729355184e-02,1.000000000000000000e+00
1.179312643381978498e+00,-4.444083618330386676e-01,1.000000000000000000e+00
1.344730475393748792e+00,-3.969582732864779251e-01,1.000000000000000000e+00
1.310100966456703375e+00,-6.950079784729734644e-01,1.000000000000000000e+00
1.201466014020667883e+00,-8.484332191708567894e-01,1.000000000000000000e+00
1.458752297891122485e+00,-3.799606769524317418e-01,1.000000000000000000e+00
1.154193477174389137e+00,-7.902058086670800119e-01,1.000000000000000000e+00
1.553068454461327796e+00,-3.142102944872292025e-01,1.000000000000000000e+00
1.395726976496778793e+00,-3.719879474357559168e-01,1.000000000000000000e+00
1.556030799013820243e+00,-3.240950211509188161e-01,1.000000000000000000e+00
1.197934147403469929e+00,-3.855849511610419666e-01,1.000000000000000000e+00
1.501053584858146994e+00,-1.375205256386675123e-01,1.000000000000000000e+00
1.678777674912985240e+00,-6.977571616522463271e-01,1.000000000000000000e+00
7.881649533752180803e-01,-7.084842171293019852e-01,1.000000000000000000e+00
1.061036848237997265e+00,-2.645373402003087238e-01,1.000000000000000000e+00
1.161374676288617680e+00,-2.099167720654367963e-01,1.000000000000000000e+00
1.305785566549165999e+00,-2.393123468667617271e-01,1.000000000000000000e+00
1.339987571807217837e+00,-8.534724322457742929e-01,1.000000000000000000e+00
1.096220309917596669e+00,-5.383167174534994048e-01,1.000000000000000000e+00
1.382871385651856633e+00,-5.250347160051973550e-01,1.000000000000000000e+00
1.159138703980691743e+00,-3.864417815633316433e-01,1.000000000000000000e+00
1.069790476665564594e+00,-2.076525953241495637e-01,1.000000000000000000e+00
1.242373735831396875e+00,-1.055058018820885790e-01,1.000000000000000000e+00
1.123207828096415506e+00,-2.018365584556992554e-01,1.000000000000000000e+00
9.584645048848163817e-01,-4.372369209478316199e-01,1.000000000000000000e+00
1.204435679759477740e+00,-9.150794489087792360e-01,1.000000000000000000e+00
1.174809246943922192e+00,-7.101417739329144441e-01,1.000000000000000000e+00
8.577315028572404243e-01,-2.510964520319949322e-01,1.000000000000000000e+00
7.797509128475922369e-01,-2.307916447109626401e-01,1.000000000000000000e+00
1.094555834361722324e+00,-6.793536980335481701e-01,1.000000000000000000e+00
1.171066614546784956e+00,-6.610109356509424883e-01,1.000000000000000000e+00
7.848042042053035017e-01,-4.837476168099749674e-01,1.000000000000000000e+00
1.008456458179916471e+00,-5.226692454108504693e-01,1.000000000000000000e+00
1.162940086066910350e+00,1.026848485353442086e-01,1.000000000000000000e+00
1.228061929005781927e+00,-2.995250377008035203e-02,1.000000000000000000e+00
1.065821637668655564e+00,-5.783260599820434500e-01,1.000000000000000000e+00
1.015362111877836870e+00,-3.642647023420089170e-01,1.000000000000000000e+00
1.477140485564800487e+00,-8.287977433414305262e-01,1.000000000000000000e+00
1.069538732734750086e+00,-2.453555615228409648e-01,1.000000000000000000e+00
1.178732300051576143e+00,-2.012145266419881062e-01,1.000000000000000000e+00
1.167003596750455507e+00,-6.032392419682023332e-01,1.000000000000000000e+00
1.037518021655249312e+00,-1.680977813096981022e-01,1.000000000000000000e+00
1.078519884928974548e+00,-5.031627100145102949e-01,1.000000000000000000e+00
8.134559882287375476e-01,-5.986554250091642437e-01,1.000000000000000000e+00
1.417170463616292508e+00,-7.350816833771962600e-01,1.000000000000000000e+00
1.039455384631713608e+00,-5.045392673595430200e-01,1.000000000000000000e+00
9.620273526344830239e-01,-4.460030353303189865e-01,1.000000000000000000e+00
7.378197109178261659e-01,-6.036201445964773926e-01,1.000000000000000000e+00
1.274172803373086360e+00,-2.686384432893382246e-01,1.000000000000000000e+00
6.901994689547990003e-01,-7.370922935329919934e-01,1.000000000000000000e+00
9.856034540621668727e-01,-5.050103193547098579e-01,1.000000000000000000e+00
1.047934045143154913e+00,-2.260566418970204050e-01,1.000000000000000000e+00
1.030105816358916737e+00,-1.666747006734935754e-01,1.000000000000000000e+00
1.109885925294706199e+00,-3.404845597489204456e-01,1.000000000000000000e+00
4.354374863817987995e-01,-5.463800334481138110e-01,1.000000000000000000e+00
8.739276027029216909e-01,-6.447104250614229537e-01,1.000000000000000000e+00
1.125368583757288432e+00,-6.719066199583212384e-01,1.000000000000000000e+00
8.021135884437654573e-01,-4.933864632117698767e-01,1.000000000000000000e+00
1.084185139615979843e+00,-3.613452987188682242e-01,1.000000000000000000e+00
6.002210632821221026e-01,-6.740905196128776922e-01,1.000000000000000000e+00
6.151386850053436328e-01,-6.252153162540826647e-01,1.000000000000000000e+00
9.164969552426074362e-01,-8.137830570915447481e-01,1.000000000000000000e+00
7.513556037152945288e-01,-3.524253706541878306e-01,1.000000000000000000e+00
1.357734517158410981e+00,-7.375769484233113404e-01,1.000000000000000000e+00
8.515008681218075859e-01,-2.281765937484184770e-01,1.000000000000000000e+00
8.545016772907926272e-01,-2.331381843533960330e-01,1.000000000000000000e+00
8.397949282298637907e-01,3.010047717986830129e-02,1.000000000000000000e+00
9.370309168935437860e-01,-6.144750268322654030e-01,1.000000000000000000e+00
9.981324869366712260e-01,-6.349747034114014976e-01,1.000000000000000000e+00
1.114516282224453425e+00,-3.902273580844065615e-01,1.000000000000000000e+00
8.185056385975064686e-01,-6.179867190388208531e-01,1.000000000000000000e+00
8.550496226275691170e-01,-3.149755851359674064e-01,1.000000000000000000e+00
3.145311103215386872e-01,-6.082766754075379367e-01,1.000000000000000000e+00
4.609508496102835973e-01,-7.685576281170918289e-01,1.000000000000000000e+00
7.953750335919892445e-01,-2.123160688370670790e-01,1.000000000000000000e+00
5.726858107122204666e-01,-1.269941284785965241e+00,1.000000000000000000e+00
9.263695920965679953e-01,-8.191623227987676614e-01,1.000000000000000000e+00
8.175556117161960623e-01,-1.611952239811357268e-01,1.000000000000000000e+00
7.544281750429820965e-01,-1.690608728215032275e-01,1.000000000000000000e+00
6.663687942963131272e-01,-3.194812889253478838e-01,1.000000000000000000e+00
8.385155735125726650e-01,-7.790391919041073088e-01,1.000000000000000000e+00
9.495457282349850647e-01,-6.973851488884723615e-01,1.000000000000000000e+00
9.639162188580046031e-01,-7.559691133142056874e-01,1.000000000000000000e+00
7.128770647913507119e-01,-3.045679059914535025e-01,1.000000000000000000e+00
4.706462674807083135e-01,-4.523261624961387728e-01,1.000000000000000000e+00
6.192160813966597344e-01,-1.918235969255364104e-01,1.000000000000000000e+00
5.078724978922276589e-01,-5.327700352117611393e-01,1.000000000000000000e+00
1.102164321947638026e+00,-6.463976198469917334e-01,1.000000000000000000e+00
1.023784901699552830e+00,-9.879466687330110131e-02,1.000000000000000000e+00
2.982397035084300985e-01,-4.297661415204583890e-01,1.000000000000000000e+00
7.760290177695456926e-01,-8.948062453422198637e-01,1.000000000000000000e+00
7.889290191293206744e-01,-9.138405438632929423e-01,1.000000000000000000e+00
7.287887263390573356e-01,-8.039789172950729812e-01,1.000000000000000000e+00
6.374307240666398089e-01,-6.099662471324113211e-01,1.000000000000000000e+00
5.188998205465110702e-01,-1.087151084476169899e-01,1.000000000000000000e+00
7.964277592403193884e-01,-4.522614150802137800e-01,1.000000000000000000e+00
6.123493324647536484e-01,-4.836034939002251121e-01,1.000000000000000000e+00
6.294624793944684216e-01,-4.579832683523425430e-01,1.000000000000000000e+00
6.554083990017753880e-01,-8.298476403144492419e-01,1.000000000000000000e+00
5.364248723811492203e-01,-2.651730331633632698e-01,1.000000000000000000e+00
5.430037737986246338e-01,-7.427933681252851805e-01,1.000000000000000000e+00
7.948486898590890748e-01,-1.072803194507462865e-01,1.000000000000000000e+00
4.905546329037338005e-01,-7.994006028506033257e-01,1.000000000000000000e+00
7.072235919638706347e-01,-5.564609420525785666e-01,1.000000000000000000e+00
7.162175532672626632e-01,-7.452497625133541748e-01,1.000000000000000000e+00
5.725486209190890907e-01,-5.540738685424391186e-01,1.000000000000000000e+00
6.145365076495983292e-01,-2.473000733669427353e-01,1.000000000000000000e+00
2.017780493485151760e-01,-3.584565824352036190e-01,1.000000000000000000e+00
1.909487372651345050e-01,-8.173560924908690462e-01,1.000000000000000000e+00
9.674915920827691362e-01,-4.410504968648942259e-01,1.000000000000000000e+00
7.222320011623357683e-01,-4.414413657248453804e-01,1.000000000000000000e+00
8.418282948036546198e-01,-1.188519990399008464e-01,1.000000000000000000e+00
1.007661394105889396e+00,-4.023735404028910279e-01,1.000000000000000000e+00
7.079818015204606407e-01,-2.784558937493736841e-01,1.000000000000000000e+00
9.210153132584086855e-01,-7.592926991546913307e-01,1.000000000000000000e+00
9.163333242448239435e-01,-2.164226862491924752e-01,1.000000000000000000e+00
6.940929690735957447e-01,-6.375333917483299029e-01,1.000000000000000000e+00
3.540023256011113895e-01,-5.951359766714194866e-01,1.000000000000000000e+00
4.093327274112642522e-01,-2.860947330055640392e-01,1.000000000000000000e+00
4.441064720411139755e-01,-4.176549532357407002e-01,1.000000000000000000e+00
8.637991150327295475e-01,-2.922007016468645968e-02,1.000000000000000000e+00
1.806427449317144496e-01,-1.883413298519543699e-01,1.000000000000000000e+00
2.623930479329129040e-01,-3.921474211037671020e-01,1.000000000000000000e+00
4.564011455052348065e-01,-2.513744353851778968e-01,1.000000000000000000e+00
4.062500923541715325e-01,-4.211475932056346627e-01,1.000000000000000000e+00
6.820486581600084808e-01,-7.217295024492684785e-01,1.000000000000000000e+00
7.560446355380434635e-01,-4.080427830448207782e-04,1.000000000000000000e+00
4.608776781989054605e-01,-1.977362582536411340e-01,1.000000000000000000e+00
7.865134371661588464e-01,-3.343788093545940199e-01,1.000000000000000000e+00
3.095204756613205155e-01,-5.506624749773026961e-01,1.000000000000000000e+00
4.456677719456125231e-01,-1.712310354701858106e-01,1.000000000000000000e+00
4.212097968434685424e-01,-3.245474518817087484e-01,1.000000000000000000e+00
6.377906675136246761e-01,-3.388519487202595881e-01,1.000000000000000000e+00
3.534452079975706762e-01,-3.287492442452008001e-01,1.000000000000000000e+00
8.867062164312367045e-01,2.648730941614330092e-03,1.000000000000000000e+00
2.325891240222408562e-01,-3.884995282119360627e-01,1.000000000000000000e+00
4.273384110054790908e-01,-4.585166558579107932e-01,1.000000000000000000e+00
1.102544029071477749e-01,-1.297183232054281432e-01,1.000000000000000000e+00
4.417462601582392567e-01,-5.373403458989027826e-01,1.000000000000000000e+00
2.839196868107831673e-01,-6.201164699998439334e-01,1.000000000000000000e+00
2.012156829774368050e-01,-7.389803905593383959e-02,1.000000000000000000e+00
3.607030842999013331e-01,-2.106507475467256363e-04,1.000000000000000000e+00
1.954055298391464135e-01,-1.147346594693915423e-02,1.000000000000000000e+00
4.127987675704444248e-01,-1.255832094905798280e-02,1.000000000000000000e+00
1.576159287180181612e-01,-1.172057084157878959e-01,1.000000000000000000e+00
6.540596478310227724e-01,-5.028426346198223706e-01,1.000000000000000000e+00
-5.903342758424429126e-02,-4.119118682179551683e-01,1.000000000000000000e+00
5.659417326981692753e-01,-4.122208991796387778e-01,1.000000000000000000e+00
7.253145754012191304e-01,-5.542608850760886163e-01,1.000000000000000000e+00
4.233595234078406100e-01,2.775056202444816655e-01,1.000000000000000000e+00
-7.777646796401110896e-02,-2.560137243565370202e-01,1.000000000000000000e+00
4.837401807086846306e-01,-2.107704756646263666e-01,1.000000000000000000e+00
6.722641082692110137e-01,-3.037842479100611448e-01,1.000000000000000000e+00
3.765691641703972636e-01,-2.907474170482080011e-01,1.000000000000000000e+00
1.896616935925193870e-02,-1.254350005334958773e-02,1.000000000000000000e+00
8.352295012733488289e-01,-1.768140628808130554e-01,1.000000000000000000e+00
3.282320455463254572e-01,-1.431380264726824225e-01,1.000000000000000000e+00
3.181225636729564377e-01,-3.681987877721601410e-01,1.000000000000000000e+00
8.779930540502201008e-02,-2.051357968016468969e-01,1.000000000000000000e+00
2.186701163819523563e-01,2.986224245142987677e-01,1.000000000000000000e+00
7.232688200406234280e-03,-7.574216164084218716e-01,1.000000000000000000e+00
-2.903004548080620473e-02,3.047602255097074664e-02,1.000000000000000000e+00
7.273751834126664928e-01,2.328542469826805350e-01,1.000000000000000000e+00
5.007494076539281691e-01,8.948177943600588158e-02,1.000000000000000000e+00
3.099782320438548289e-01,-6.775416673181960947e-03,1.000000000000000000e+00
1.351195617795998283e-01,-4.426994321853260916e-01,1.000000000000000000e+00
3.951296511955076363e-01,1.224258885820928289e-01,1.000000000000000000e+00
5.518979594663024901e-01,-3.658043406815799647e-01,1.000000000000000000e+00
1.253730471121465850e-01,-8.103218332342801422e-02,1.000000000000000000e+00
2.774650386223485588e-01,3.735650788356886798e-02,1.000000000000000000e+00
1.815314743497072059e-01,-1.769628360688003110e-01,1.000000000000000000e+00
1.485591717493657815e-01,-3.829619077873610555e-01,1.000000000000000000e+00
2.511145994465823275e-02,-1.514964441787819971e-01,1.000000000000000000e+00
4.743581632021043326e-02,-3.126991402580191481e-01,1.000000000000000000e+00
4.040935449090498066e-01,5.064022814248286819e-02,1.000000000000000000e+00
3.641878096808182086e-02,4.279304492422120187e-02,1.000000000000000000e+00
4.183520647993443364e-01,-1.387495555650791745e-01,1.000000000000000000e+00
4.547280397100276761e-01,-3.407398545356373626e-03,1.000000000000000000e+00
4.885019981587100935e-01,-3.827773508476197684e-01,1.000000000000000000e+00
3.671249949845266647e-01,-4.517993535664795446e-01,1.000000000000000000e+00
-8.995366381699382297e-02,-1.844390338452786549e-01,1.000000000000000000e+00
2.815765753316329389e-01,-3.258741427189119633e-01,1.000000000000000000e+00
4.082195461401152969e-01,-1.366470725693105792e-01,1.000000000000000000e+00
-1.498420603546680996e-01,-2.665706579422426614e-01,1.000000000000000000e+00
5.424945746900746713e-01,-2.401690449308748476e-01,1.000000000000000000e+00
2.064034096046686861e-01,3.357370198091113034e-01,1.000000000000000000e+00
5.268714283645166419e-02,-4.382142513186776389e-01,1.000000000000000000e+00
3.597823125086726526e-01,1.401132315856438437e-01,1.000000000000000000e+00
4.485154028976631735e-01,4.386705417278529140e-01,1.000000000000000000e+00
7.873317396274938096e-01,-1.306694381707531605e-01,1.000000000000000000e+00
5.758750719730296175e-03,-2.493367986372306555e-01,1.000000000000000000e+00
3.640954375320393233e-01,-4.077633700521763327e-01,1.000000000000000000e+00
3.125576809486678709e-01,1.194466105699411584e-01,1.000000000000000000e+00
-2.296034869221044716e-01,-9.852467468524228611e-02,1.000000000000000000e+00
5.447457774960564603e-01,-1.871420231011162172e-01,1.000000000000000000e+00
2.731055264188272380e-01,-6.165035014240066724e-02,1.000000000000000000e+00
-5.007516579867643536e-02,-2.479278449849881827e-01,1.000000000000000000e+00
8.197664510680058303e-02,5.173563047808130144e-02,1.000000000000000000e+00
-1.721524098058228036e-01,-1.907590999478959645e-02,1.000000000000000000e+00
4.960728837783916489e-01,-2.614644949673573526e-01,1.000000000000000000e+00
2.039107985037375559e-01,-4.693806895247876199e-01,1.000000000000000000e+00
6.214770360565333718e-01,1.279379496951932316e-02,1.000000000000000000e+00
1.653395509209292791e-01,-4.838923287933871720e-01,1.000000000000000000e+00
3.571699868676524448e-01,4.951979653323708153e-01,1.000000000000000000e+00
-7.490015979856139150e-02,-8.335860852746476701e-02,1.000000000000000000e+00
-6.406547528156926463e-02,-6.862715582105682888e-02,1.000000000000000000e+00
6.478397114889948849e-01,-1.429172328324984642e-01,1.000000000000000000e+00
3.134359673537612245e-01,-2.933020427962848564e-02,1.000000000000000000e+00
3.399972757087033060e-02,2.550250402183603105e-01,1.000000000000000000e+00
4.366597467507467023e-01,-1.658720318760146806e-01,1.000000000000000000e+00
-1.873541439320649538e-01,-4.360319405653244607e-01,1.000000000000000000e+00
2.333194502010914329e-01,7.012499567404421874e-02,1.000000000000000000e+00
-1.468076166159328066e-01,1.045118373558562713e-01,1.000000000000000000e+00
-1.333701663619010769e-02,1.300395165388263385e-01,1.000000000000000000e+00
5.581386986610575862e-02,-1.180119650955303301e-01,1.000000000000000000e+00
2.636257314572220678e-01,-3.067556102585851097e-01,1.000000000000000000e+00
5.624631994202454743e-01,-3.831144311760433796e-01,1.000000000000000000e+00
2.278415340195279470e-01,-8.270869719311353674e-02,1.000000000000000000e+00
3.324729508380433463e-01,9.857608292292323326e-02,1.000000000000000000e+00
-7.822115178603997188e-02,2.007832342916383156e-02,1.000000000000000000e+00
7.516011222041416029e-02,3.871442669707521600e-01,1.000000000000000000e+00
-2.586923651268249191e-01,4.368414493214664573e-03,1.000000000000000000e+00
-2.566658114323950857e-01,1.409953720605389427e-01,1.000000000000000000e+00
2.448045873603272304e-01,-2.974938327820358386e-01,1.000000000000000000e+00
-1.234278972418272197e-01,5.949868506142215185e-01,1.000000000000000000e+00
5.142460380960167665e-03,3.505968951010881574e-01,1.000000000000000000e+00
2.012711612330527755e-01,-5.279537237480719236e-02,1.000000000000000000e+00
1.232504912738543457e-01,2.248027991435929684e-01,1.000000000000000000e+00
-5.190813285782112929e-02,-3.266109105196418616e-02,1.000000000000000000e+00
-1.409648682692532795e-01,3.939546809067415167e-02,1.000000000000000000e+00
5.021181834458753046e-02,-2.059454402126260908e-02,1.000000000000000000e+00
-9.609578241697133705e-02,-2.375997487346570569e-02,1.000000000000000000e+00
1.990108635723533137e-01,4.035431067219897305e-01,1.000000000000000000e+00
1.143217089427202987e-01,1.450870186857841637e-01,1.000000000000000000e+00
-1.664271257015594863e-01,3.637205834449048353e-02,1.000000000000000000e+00
4.056322754384873719e-02,6.626841608946245632e-01,1.000000000000000000e+00
3.383513174221117192e-02,1.708465881466259273e-01,1.000000000000000000e+00
1.754698296404295921e-01,1.217468018271904151e-01,1.000000000000000000e+00
-7.085349154417736051e-02,-2.888400363157110906e-01,1.000000000000000000e+00
-1.941445823410556104e-01,1.639526688886451811e-01,1.000000000000000000e+00
1.579815851180949859e-01,1.083454301541499909e-01,1.000000000000000000e+00
-3.643530023664407480e-01,2.246752607561902926e-01,1.000000000000000000e+00
1.582796457240658317e-01,5.393240617711058116e-01,1.000000000000000000e+00
1.807051639916434915e-02,4.019149198883162355e-01,1.000000000000000000e+00
6.592526722387703764e-02,4.133977802603372442e-01,1.000000000000000000e+00
-1.155895729295781660e-01,4.416244603514223321e-01,1.000000000000000000e+00
-9.093872520155642236e-02,3.226955390723490469e-01,1.000000000000000000e+00
2.707296186966272056e-01,1.458890491548494595e-01,1.000000000000000000e+00
1.507111905810073760e-01,1.362382577854144849e-01,1.000000000000000000e+00
-2.552504769934544893e-01,6.983294642186345380e-02,1.000000000000000000e+00
2.375548243463728171e-01,5.447598789909475769e-01,1.000000000000000000e+00
-1.014477330539992617e-01,2.783303524158423636e-01,1.000000000000000000e+00
-1.994133032176474418e-01,3.950109093785476033e-01,1.000000000000000000e+00
1.963613776048398207e-01,1.182047342366681075e-01,1.000000000000000000e+00
2.543002811294979848e-01,1.754170877940358919e-01,1.000000000000000000e+00
4.423488296575283640e-01,1.892326998158866402e-02,1.000000000000000000e+00
3.802111323931098297e-02,2.634112514343668887e-01,1.000000000000000000e+00
1.838403052812928040e-01,5.006208835127187173e-01,1.000000000000000000e+00
2.347220525439198402e-01,6.308685147208924482e-01,1.000000000000000000e+00
-3.260333027992631805e-02,5.186402638216187633e-01,1.000000000000000000e+00
-2.175946084857761920e-02,2.016579289322906476e-01,1.000000000000000000e+00
1.176126347136028372e-01,4.613811801263209555e-01,1.000000000000000000e+00
1.439791575080482389e-01,4.276757284787573443e-01,1.000000000000000000e+00
-2.153344705281720894e-01,3.677422968655639779e-01,1.000000000000000000e+00
9.388774425404572410e-02,6.073685153860361452e-02,1.000000000000000000e+00
1.975297465989811208e-01,2.694608346683940447e-01,1.000000000000000000e+00
-3.223011815675108638e-01,4.232310604769794482e-01,1.000000000000000000e+00
1.203850719678153380e-01,6.227093084839626647e-01,1.000000000000000000e+00
-6.887577882380349625e-02,3.344429102039149226e-01,1.000000000000000000e+00
-5.818131197129686877e-02,3.299935273228019605e-01,1.000000000000000000e+00
-1.449099982230950545e-01,3.552417496193682744e-01,1.000000000000000000e+00
-1.656697221708126055e-01,3.974902084639130861e-01,1.000000000000000000e+00
5.973909645803781449e-02,3.628611891907096987e-01,1.000000000000000000e+00
-1.532034631110769096e-01,4.416087832956477888e-01,1.000000000000000000e+00
2.279414996533651316e-01,4.159340742789642831e-01,1.000000000000000000e+00
-2.059740010894409445e-01,1.509557538263150978e-01,1.000000000000000000e+00
4.066257044631359230e-02,3.330777095390168863e-01,1.000000000000000000e+00
-4.687017852217073566e-02,-4.208664405503986794e-02,1.000000000000000000e+00
-2.721998877564626440e-01,4.205159654338843089e-01,1.000000000000000000e+00
1.154046248896085231e-02,4.609443093411544901e-01,1.000000000000000000e+00
2.179924509953241052e-01,6.142084625654740115e-01,1.000000000000000000e+00
-5.609197862726233996e-03,-1.050408880557306412e-01,1.000000000000000000e+00
-1.253471954541203748e-01,4.763426091276675156e-01,1.000000000000000000e+00
-6.935789848441148431e-03,3.534879313195921080e-01,1.000000000000000000e+00
-2.448509761146225316e-02,2.000603839017830454e-01,1.000000000000000000e+00
-4.243558385087251583e-01,2.498244074604191733e-01,1.000000000000000000e+00
-4.563520854346909128e-01,1.566904440780130525e-01,1.000000000000000000e+00
1.156971206258037704e-01,4.401706469431042046e-01,1.000000000000000000e+00
-5.927698299813820293e-02,5.634024293372008607e-01,1.000000000000000000e+00
8.064055292271668507e-02,8.529826788306598129e-01,1.000000000000000000e+00
4.945271775408266457e-01,4.042011269955267383e-01,1.000000000000000000e+00
1.767663859077140964e-01,3.521830519175039864e-01,1.000000000000000000e+00
1.760445683272855999e-01,2.063691878706469252e-01,1.000000000000000000e+00
6.522758363565091255e-03,3.928028599478994298e-01,1.000000000000000000e+00
