7.743183732145508813e-01,-7.030340716782934596e-01,0.000000000000000000e+00
9.476742940796264447e-01,2.251240170864940160e-01,0.000000000000000000e+00
1.105517624646039421e+00,2.199779796718515923e-01,0.000000000000000000e+00
1.499708015225765134e+00,2.490513789557582125e-01,0.000000000000000000e+00
7.809085300491365178e-01,3.368695012642227704e-01,0.000000000000000000e+00
6.131567241127509060e-01,5.105091718436982617e-01,0.000000000000000000e+00
1.214275991966931700e+00,-9.286620439575840602e-02,0.000000000000000000e+00
8.664300050075443016e-01,-9.486975230108940504e-03,0.000000000000000000e+00
8.490504712040467528e-01,5.285541097302465241e-01,0.000000000000000000e+00
-7.841993146735048992e-02,2.570669461102949582e-01,0.000000000000000000e+00
2.487510255398451831e-01,5.261739071064495954e-02,0.000000000000000000e+00
1.233403364532743574e+00,1.434737721874628502e-01,0.000000000000000000e+00
1.089141045142118847e+00,1.941255197066116267e-01,0.000000000000000000e+00
8.914940158340846077e-01,9.773982844221049682e-01,0.000000000000000000e+00
6.357277484926859845e-01,-3.079127178739471948e-01,0.000000000000000000e+00
9.718067773852900881e-01,-2.986314105296047558e-02,0.000000000000000000e+00
1.143285287137012496e+00,2.413550416984965585e-01,0.000000000000000000e+00
8.448926345338076960e-01,2.851574116188445585e-01,0.000000000000000000e+00
7.462173830847763645e-01,4.800606587453166985e-02,0.000000000000000000e+00
7.604704302608912281e-01,2.934390876981465279e-01,0.000000000000000000e+00
1.659678394254488154e+00,4.905664698169852345e-03,0.000000000000000000e+00
8.464482217904816252e-01,8.918990357145570869e-01,0.000000000000000000e+00
1.152050492720243957e+00,4.050649850995634571e-01,0.000000000000000000e+00
7.629693627585011351e-01,8.229563629307886652e-01,0.000000000000000000e+00
1.087097542625405699e+00,3.391344425930673534e-01,0.000000000000000000e+00
1.234131869312328433e+00,1.257953783976858864e+00,0.000000000000000000e+00
1.259371572959536945e+00,4.890613914439667642e-01,0.000000000000000000e+00
6.405116578044105502e-01,1.182746689485522085e+00,0.000000000000000000e+00
9.879542379439568700e-01,-1.020195401961812021e-01,0.000000000000000000e+00
7.674838040403371142e-01,5.370838884355297882e-01,0.000000000000000000e+00
1.965319625237196277e-01,1.271887923630810269e+00,0.000000000000000000e+00
8.271732556492056299e-01,3.839371877129331700e-01,0.000000000000000000e+00
1.070802021628558753e+00,9.095297841805831673e-01,0.000000000000000000e+00
1.072563843523036908e+00,1.105513206318283093e+00,0.000000000000000000e+00
9.127837632936700585e-01,3.412049140800337277e-01,0.000000000000000000e+00
6.268650255977057384e-01,1.593631829090839780e+00,0.000000000000000000e+00
9.741598133181779140e-01,1.028414033893345403e+00,0.000000000000000000e+00
5.718427669714472028e-01,4.729767721564944738e-01,0.000000000000000000e+00
1.023993936971781871e+00,1.091687016897939788e+00,0.000000000000000000e+00
5.728615319992780286e-01,5.209769444296477037e-01,0.000000000000000000e+00
5.570326432858595522e-01,1.685999172780202171e+00,0.000000000000000000e+00
1.689568359049181678e-01,1.317966493714616938e+00,0.000000000000000000e+00
3.394925767712834164e-01,1.116130542709133033e+00,0.000000000000000000e+00
6.184476354836756506e-01,7.526271564106133960e-01,0.000000000000000000e+00
8.998014456467502420e-01,9.301287534182842709e-01,0.000000000000000000e+00
1.098978592946115995e+00,1.006654191862563552e+00,0.000000000000000000e+00
7.715063234471691844e-01,5.450754335794985028e-01,0.000000000000000000e+00
1.209792086124504396e+00,6.958868861589802002e-01,0.000000000000000000e+00
4.739077719169514369e-01,9.702368350992867096e-01,0.000000000000000000e+00
7.208813001276823118e-02,8.426509874834845482e-01,0.000000000000000000e+00
3.782592950890103500e-01,8.774392984915486693e-01,0.000000000000000000e+00
1.020167552889764462e+00,1.394082416498724220e+00,0.000000000000000000e+00
1.172176434410771462e+00,1.000886688207359931e+00,0.000000000000000000e+00
3.415252119622257387e-01,1.510570125766419913e+00,0.000000000000000000e+00
1.113062694732576796e+00,7.739139778049728413e-01,0.000000000000000000e+00
8.676299064492276614e-02,8.452097166857899246e-01,0.000000000000000000e+00
8.326993321013930194e-01,8.864109984605882397e-01,0.000000000000000000e+00
6.250201575990105285e-01,1.426841075008076665e+00,0.000000000000000000e+00
7.104679497863952697e-01,1.983705008032420114e+00,0.000000000000000000e+00
6.193069989060673297e-01,1.667427572307469630e+00,0.000000000000000000e+00
1.628066342812140244e+00,1.149657658211144851e+00,0.000000000000000000e+00
2.688263693167133317e-01,1.634202498041946505e+00,0.000000000000000000e+00
6.593756159249091198e-01,1.553710285462517104e+00,0.000000000000000000e+00
1.131527459176551842e+00,1.595000684749144026e+00,0.000000000000000000e+00
1.408454283524350981e+00,1.075940847606089212e+00,0.000000000000000000e+00
5.588544512676459908e-01,1.446589429331418319e+00,0.000000000000000000e+00
3.844595074566057313e-01,1.086367590530880278e+00,0.000000000000000000e+00
7.680476815026388016e-01,1.176092767743417644e+00,0.000000000000000000e+00
8.209216478774532533e-01,2.099500821298633912e+00,0.000000000000000000e+00
8.947936147045635336e-01,1.278053824324148158e+00,0.000000000000000000e+00
7.091192339461359628e-01,2.108783625659927274e+00,0.000000000000000000e+00
6.181886133542099371e-01,1.761735643962228481e+00,0.000000000000000000e+00
5.913044271896354953e-01,1.231643020624102025e+00,0.000000000000000000e+00
4.283055266404181549e-01,1.499592230208409926e+00,0.000000000000000000e+00
5.887679860325588654e-01,1.883992981671004152e+00,0.000000000000000000e+00
9.347256588666454924e-01,1.746389173348208645e+00,0.000000000000000000e+00
5.694683193869857218e-01,1.027457065926723700e+00,0.000000000000000000e+00
9.882327628295979327e-01,2.753994367479641880e+00,0.000000000000000000e+00
4.189750478483402207e-01,1.553159307453851667e+00,0.000000000000000000e+00
5.603001506504439178e-01,1.116662835810500409e+00,0.000000000000000000e+00
4.909642167149909087e-01,2.043216526901398211e+00,0.000000000000000000e+00
3.326032869052341079e-01,1.530795607546614479e+00,0.000000000000000000e+00
9.295734745487396200e-01,1.876133500371506280e+00,0.000000000000000000e+00
4.904487174387133219e-01,1.682076743746847347e+00,0.000000000000000000e+00
4.425031866294795169e-01,1.659415904565151756e+00,0.000000000000000000e+00
1.245827519616844015e+00,1.166157328498362400e+00,0.000000000000000000e+00
-1.101074362071182422e-01,8.648755662211075057e-01,0.000000000000000000e+00
2.167793075138415848e-01,1.162688714862177175e+00,0.000000000000000000e+00
5.754115593179757182e-01,1.945554779948471369e+00,0.000000000000000000e+00
3.900106366486246756e-01,1.220349471792419926e+00,0.000000000000000000e+00
9.952077413282107710e-01,2.000832728919530012e+00,0.000000000000000000e+00
1.852088819066210479e-01,2.345807951535197944e+00,0.000000000000000000e+00
8.993462399073919311e-01,2.182387140236327294e+00,0.000000000000000000e+00
1.423814383491656954e-01,1.656743644080514111e+00,0.000000000000000000e+00
1.477571114348696923e-02,1.381415885649538877e+00,0.000000000000000000e+00
-1.747511301738705614e-01,1.322904758212933629e+00,0.000000000000000000e+00
3.779716357819948302e-01,2.061600812020033313e+00,0.000000000000000000e+00
9.795210839234312905e-01,1.387937041960214835e+00,0.000000000000000000e+00
5.298716221419784711e-01,2.137085251449989620e+00,0.000000000000000000e+00
2.144518547185108870e-01,1.582337385467448510e+00,0.000000000000000000e+00
1.557563185684838758e-01,1.763130162070658979e+00,0.000000000000000000e+00
2.397602477778876529e-01,2.002700635047829802e+00,0.000000000000000000e+00
8.215826539453154886e-01,1.841431996442550290e+00,0.000000000000000000e+00
-5.400635210169812961e-03,1.468682628514138999e+00,0.000000000000000000e+00
3.362376498774501954e-01,2.100338326192052296e+00,0.000000000000000000e+00
2.045374313596717009e-01,1.646112351740438129e+00,0.000000000000000000e+00
4.364621897253100347e-01,2.363425596727068090e+00,0.000000000000000000e+00
2.074832936363305291e-01,2.222580797884160742e+00,0.000000000000000000e+00
-2.176898344672242303e-01,1.929367487240539969e+00,0.000000000000000000e+00
2.405124100687497379e-01,1.961072530059005059e+00,0.000000000000000000e+00
-3.480360432416877980e-01,1.506156087837930313e+00,0.000000000000000000e+00
-4.410026850780883745e-01,1.661606561975137897e+00,0.000000000000000000e+00
1.078861410295397366e-01,1.562020974099912030e+00,0.000000000000000000e+00
1.510234501434521148e-01,2.265863052255637999e+00,0.000000000000000000e+00
3.318052283673669223e-01,2.033993061316852646e+00,0.000000000000000000e+00
-1.576264647596737623e-01,2.148793045842058991e+00,0.000000000000000000e+00
3.059090624120379132e-01,2.991177615949009994e+00,0.000000000000000000e+00
-4.999339099461692637e-01,1.879738199121974151e+00,0.000000000000000000e+00
3.025667079280450755e-01,1.739976308144875805e+00,0.000000000000000000e+00
3.169055321595732888e-01,1.680054336801694470e+00,0.000000000000000000e+00
-6.827813679927565715e-01,1.468273753236036594e+00,0.000000000000000000e+00
4.883494432482811398e-02,1.690997244303568348e+00,0.000000000000000000e+00
-1.294913277933296136e-04,1.660832412636390698e+00,0.000000000000000000e+00
-3.285664338264291384e-01,1.947742982150123092e+00,0.000000000000000000e+00
3.276050020278756802e-01,2.236128277005811071e+00,0.000000000000000000e+00
4.986723832722504690e-02,2.056946863365605171e+00,0.000000000000000000e+00
1.501347847166552563e-01,1.207514960710992735e+00,0.000000000000000000e+00
1.959660852199776593e-01,1.918625820050740671e+00,0.000000000000000000e+00
-3.586324098945538053e-01,1.502865811739003910e+00,0.000000000000000000e+00
2.408763697135536674e-01,1.769718106665199020e+00,0.000000000000000000e+00
5.317393542542149243e-01,1.835170007357575850e+00,0.000000000000000000e+00
-4.220377328231139091e-01,1.426899949847250104e+00,0.000000000000000000e+00
-4.296468330941910496e-01,2.309873477789773588e+00,0.000000000000000000e+00
1.339590114851167968e-01,2.596137873972714338e+00,0.000000000000000000e+00
5.284350930544857300e-02,2.100473658433453572e+00,0.000000000000000000e+00
-1.164610512969002087e-01,1.878073867496624416e+00,0.000000000000000000e+00
-2.101413409657757747e-01,2.260382675674474928e+00,0.000000000000000000e+00
7.608082252845271842e-01,2.493834116046787397e+00,0.000000000000000000e+00
7.346994444580866312e-02,1.524111851887087532e+00,0.000000000000000000e+00
-6.612531653447201174e-02,2.707802207895280588e+00,0.000000000000000000e+00
-1.664120836062456255e-02,2.475221333070912966e+00,0.000000000000000000e+00
-1.647316830015409239e-02,1.681515466576930296e+00,0.000000000000000000e+00
-1.540446284942653121e-01,2.074969422937549268e+00,0.000000000000000000e+00
7.762735843906848343e-02,2.447130748948722179e+00,0.000000000000000000e+00
-4.110524066021833955e-01,2.147485508364991968e+00,0.000000000000000000e+00
-1.021531253997501665e+00,1.473146641406660518e+00,0.000000000000000000e+00
5.212968188977872286e-01,8.968959824401095959e-01,0.000000000000000000e+00
-7.632246292632491325e-02,1.627581790379041493e+00,0.000000000000000000e+00
-3.577552628950513847e-01,1.659884618244504839e+00,0.000000000000000000e+00
-1.343597897250068673e-01,1.734062652195903720e+00,0.000000000000000000e+00
-3.212433957454102762e-01,2.272249163097969316e+00,0.000000000000000000e+00
-3.000625961369945971e-02,2.247789560684453569e+00,0.000000000000000000e+00
1.044958525490916890e-01,1.766764059268615128e+00,0.000000000000000000e+00
-1.802046696960920014e-01,1.458119470034053400e+00,0.000000000000000000e+00
-7.827800243809098779e-01,1.992630491368895251e+00,0.000000000000000000e+00
-1.232380380624247707e+00,1.918929876211763697e+00,0.000000000000000000e+00
-6.542905704511789988e-01,1.675448367873065170e+00,0.000000000000000000e+00
-1.859884431614275413e-02,2.449550970853378473e+00,0.000000000000000000e+00
-3.640398056505919078e-01,1.698068399884790081e+00,0.000000000000000000e+00
-2.633301738267417313e-01,1.634986644270564504e+00,0.000000000000000000e+00
2.957697971398458026e-01,1.433202048717614030e+00,0.000000000000000000e+00
-1.143616646281002236e+00,1.937757456898066666e+00,0.000000000000000000e+00
-2.508405320577576370e-01,1.511470140419753916e+00,0.000000000000000000e+00
-3.473839927067563504e-01,1.964170463391230914e+00,0.000000000000000000e+00
-6.579920715721664370e-01,1.677455415554072848e+00,0.000000000000000000e+00
-3.703538362629682501e-01,2.239024971091360783e+00,0.000000000000000000e+00
-6.623546754867002395e-01,1.646821595582503184e+00,0.000000000000000000e+00
-6.153770370778613996e-01,2.048554342467956868e+00,0.000000000000000000e+00
1.250151173054926401e-01,1.951805123278313125e+00,0.000000000000000000e+00
-9.370364248692738540e-01,1.650409802326511244e+00,0.000000000000000000e+00
-1.088045772555424007e+00,1.119097666393510826e+00,0.000000000000000000e+00
-3.127341795817581982e-01,1.202824178287505541e+00,0.000000000000000000e+00
-9.797941218685397580e-01,1.461893475422222366e+00,0.000000000000000000e+00
-1.509909248818570027e-01,1.593702608660952036e+00,0.000000000000000000e+00
-1.434598410863172635e-01,1.250407439472669413e+00,0.000000000000000000e+00
-5.065373542326337963e-01,1.050690411634321419e+00,0.000000000000000000e+00
-5.970591883544829059e-01,1.296194544596923626e+00,0.000000000000000000e+00
-1.344646260350720546e+00,1.732840046542069246e+00,0.000000000000000000e+00
-8.458568761882243603e-01,1.376001893936771747e+00,0.000000000000000000e+00
-7.516425966760093003e-01,8.216711724889991242e-01,0.000000000000000000e+00
-7.119061936890429543e-01,1.194975018504781161e+00,0.000000000000000000e+00
-2.700245632914202165e-01,1.417234015021899829e+00,0.000000000000000000e+00
-5.484265527473218826e-01,1.952540465204620546e+00,0.000000000000000000e+00
-1.066117871973760067e+00,1.769745733530299958e+00,0.000000000000000000e+00
-1.029367877608225346e+00,1.151030735040557529e+00,0.000000000000000000e+00
-4.795095302982764762e-01,1.861437033855200873e+00,0.000000000000000000e+00
-8.098594957202327471e-01,1.224542281246714603e+00,0.000000000000000000e+00
-1.264385817386291189e+00,2.126690930531448753e+00,0.000000000000000000e+00
-5.437304648955187947e-01,1.532623107083006087e+00,0.000000000000000000e+00
-2.692309300880922907e-01,1.714963542048037137e+00,0.000000000000000000e+00
-4.924862555682179011e-01,1.375222981138620293e+00,0.000000000000000000e+00
-6.666065490437598218e-01,1.230125449160399898e+00,0.000000000000000000e+00
-9.393134364818209736e-01,1.683175644086753797e+00,0.000000000000000000e+00
-7.996887556231182526e-01,1.892773611563907554e+00,0.000000000000000000e+00
-8.524333647854107632e-01,1.510724018398000190e+00,0.000000000000000000e+00
-6.229631862339678472e-01,1.498398449092140261e+00,0.000000000000000000e+00
-1.367820704059670156e+00,6.708088280051189844e-01,0.000000000000000000e+00
-1.744186899279572156e+00,1.559084133882431944e+00,0.000000000000000000e+00
-9.362190761697797292e-01,1.086282597613402068e+00,0.000000000000000000e+00
-1.095419145836150854e+00,9.096530518397683007e-01,0.000000000000000000e+00
-9.033353147206985012e-01,7.760462150986011665e-01,0.000000000000000000e+00
-6.212349980003162297e-01,1.081566053163050434e+00,0.000000000000000000e+00
-8.096929723944433777e-01,1.355770572968609144e+00,0.000000000000000000e+00
-7.405782345455390603e-01,1.100662779416245352e+00,0.000000000000000000e+00
-5.394368653159081761e-01,1.029373374564464205e+00,0.000000000000000000e+00
-7.953501073559070544e-01,9.328154076710261089e-01,0.000000000000000000e+00
-7.491454058163649066e-01,1.360356381486892863e+00,0.000000000000000000e+00
-1.601115489258916558e+00,6.678626046548457040e-01,0.000000000000000000e+00
-6.215924425412689969e-01,1.104493095592998131e+00,0.000000000000000000e+00
-1.248731002122148936e+00,8.281582715365567449e-01,0.000000000000000000e+00
-6.850688584292861094e-01,1.060116238939387001e+00,0.000000000000000000e+00
-7.960585491438684214e-01,6.598470515297880645e-01,0.000000000000000000e+00
-8.588582375155998649e-01,8.468974562754539859e-01,0.000000000000000000e+00
-1.157713150536103353e+00,1.252945263588327141e+00,0.000000000000000000e+00
4.527142155408525603e-02,7.869120099475708230e-01,0.000000000000000000e+00
9.782490627883810852e-02,8.024640582872983874e-01,0.000000000000000000e+00
-1.113390223063452256e+00,3.667013089675154602e-01,0.000000000000000000e+00
-7.372123478667087504e-01,1.366332420022149829e+00,0.000000000000000000e+00
-8.035858787029264150e-01,1.088745787031884404e+00,0.000000000000000000e+00
-1.276387229269636547e+00,8.531100911571942724e-01,0.000000000000000000e+00
-8.097897584636382096e-01,8.367946737661795531e-01,0.000000000000000000e+00
-9.078257788440268206e-01,1.165436345652907990e+00,0.000000000000000000e+00
-1.591865028808663318e+00,7.477080201798300685e-01,0.000000000000000000e+00
-1.441138115472459624e+00,4.528097801753112606e-01,0.000000000000000000e+00
-1.135749601695557276e+00,8.583330261707320386e-01,0.000000000000000000e+00
-1.178988473159222838e+00,5.533678228752352268e-01,0.000000000000000000e+00
-4.786505396139476010e-01,1.569759624990433755e+00,0.000000000000000000e+00
-1.275247216215939172e+00,4.804183664642529550e-01,0.000000000000000000e+00
-7.340370776409526066e-01,6.551005576473771796e-01,0.000000000000000000e+00
-1.248255299847314870e+00,6.763599899062540111e-01,0.000000000000000000e+00
-1.122378062719366243e+00,1.978664951640255187e-01,0.000000000000000000e+00
-1.029441097466861077e+00,2.469051689338951916e-01,0.000000000000000000e+00
-1.005315266032784205e+00,4.610464945154725824e-01,0.000000000000000000e+00
-1.349757615302438651e+00,7.392471945535170619e-01,0.000000000000000000e+00
-9.082829079763277136e-01,2.257522738309957755e-01,0.000000000000000000e+00
-1.456045608643289135e+00,2.028150192906841287e-01,0.000000000000000000e+00
-1.134657330109199558e+00,2.628709049400955178e-01,0.000000000000000000e+00
-5.161104512012237855e-01,2.921470801534959971e-01,0.000000000000000000e+00
-1.299712489528279225e+00,5.588070894228859276e-01,0.000000000000000000e+00
-1.147051899666499564e+00,-1.257741139697969857e-01,0.000000000000000000e+00
-1.079244196389131272e+00,4.517727009214980716e-01,0.000000000000000000e+00
-4.468938059779121730e-01,-3.159464993019560630e-01,0.000000000000000000e+00
-1.446799302354979222e+00,2.876739125803086106e-01,0.000000000000000000e+00
-8.801063570359926036e-01,-8.173080653310998978e-02,0.000000000000000000e+00
-1.291776570498074816e+00,5.149554071844447689e-01,0.000000000000000000e+00
-1.571886727741283352e+00,-1.871617690657856881e-01,0.000000000000000000e+00
-1.142529730281554023e+00,5.684186828896367061e-01,0.000000000000000000e+00
-7.662093272155162671e-01,4.020526266445325070e-01,0.000000000000000000e+00
-6.516393967535344389e-01,-9.943141089046068914e-02,0.000000000000000000e+00
-5.194932776870788693e-01,1.873252173344044924e-01,0.000000000000000000e+00
-8.896569424912069701e-01,-3.456668669541283490e-01,0.000000000000000000e+00
-1.012158424421326197e+00,6.842965264490090682e-01,0.000000000000000000e+00
-9.846026557493030573e-01,5.638768375236882235e-01,0.000000000000000000e+00
-6.462626051000858185e-01,3.099165277008117947e-01,0.000000000000000000e+00
-3.142782119437114718e-01,2.508513265272096504e-01,0.000000000000000000e+00
-1.253074026411559627e+00,-1.390088186917525226e+00,0.000000000000000000e+00
-1.161439837811864884e+00,-4.806982212671545573e-01,0.000000000000000000e+00
-4.826101220712430417e-01,1.004188340186312478e-01,0.000000000000000000e+00
-1.023212820831049807e+00,-7.421525703319808986e-01,0.000000000000000000e+00
-1.095930038045741295e+00,-2.356576925849625248e-02,0.000000000000000000e+00
-9.830401151481740207e-01,-4.110501560877216076e-01,0.000000000000000000e+00
-1.334284178121872166e+00,-4.247730014141424260e-01,0.000000000000000000e+00
-5.976601780644664741e-01,-8.395504676150586931e-01,0.000000000000000000e+00
-7.905755131126313007e-01,-2.444886210543740501e-01,0.000000000000000000e+00
-9.006705684823431701e-01,-5.120730667683384141e-01,0.000000000000000000e+00
-9.682261058488610406e-01,4.513065127437895785e-02,0.000000000000000000e+00
-1.270755866765537201e+00,2.307998872241490695e-01,0.000000000000000000e+00
-1.273426252674304981e+00,-7.019572574629340256e-01,0.000000000000000000e+00
-1.360000302865778110e+00,-3.423725572486793767e-01,0.000000000000000000e+00
-7.376531832945678602e-01,-7.321478223742529101e-01,0.000000000000000000e+00
-1.108427973284515700e+00,1.051755359205938101e-01,0.000000000000000000e+00
-1.224551182810512007e+00,-2.499295548351919416e-01,0.000000000000000000e+00
-1.375538140368604445e+00,-1.567459350140897878e-01,0.000000000000000000e+00
-9.736995930983493031e-01,-6.115461601551821502e-01,0.000000000000000000e+00
-1.044170866916524831e+00,-8.610269931809073629e-01,0.000000000000000000e+00
-9.811962967316398831e-01,-9.435880333504086392e-01,0.000000000000000000e+00
-4.666648625105089265e-01,-4.550705878531983717e-01,0.000000000000000000e+00
-6.514693208520959677e-01,-4.773879985579074781e-01,0.000000000000000000e+00
-1.339416198597310093e+00,-8.916351794445096512e-01,0.000000000000000000e+00
-1.067104014662595191e+00,-9.826699692677758335e-01,0.000000000000000000e+00
-7.631982738140811184e-01,-7.342294390239757496e-01,0.000000000000000000e+00
-1.499696466783856152e+00,-7.059041225719414614e-01,0.000000000000000000e+00
-6.234560024188572358e-01,-9.758563732082172759e-01,0.000000000000000000e+00
-1.036825072376819312e+00,-7.184969829077744174e-01,0.000000000000000000e+00
-1.306826076172399098e+00,-6.757380675938824410e-01,0.000000000000000000e+00
-6.366624417801751701e-01,-1.647167492246979226e-01,0.000000000000000000e+00
-9.774989330104170149e-01,-6.119237523993298344e-01,0.000000000000000000e+00
-1.051615864974924541e+00,-1.206418087563625008e+00,0.000000000000000000e+00
-3.753758902575899947e-01,-1.293608380024628079e+00,0.000000000000000000e+00
-5.406140012332416589e-01,-1.106733076300368879e+00,0.000000000000000000e+00
-1.082974355269763711e+00,-9.961691003022226099e-01,0.000000000000000000e+00
-7.278817941249996482e-01,-1.047732819365482460e+00,0.000000000000000000e+00
-5.408298443493998464e-01,-1.236325110311250253e+00,0.000000000000000000e+00
-9.058759909836708868e-01,-1.161674483376359923e+00,0.000000000000000000e+00
-7.730148906727865032e-01,-3.524880643666543634e-01,0.000000000000000000e+00
-2.708726152854805114e-01,-1.032093919286190209e+00,0.000000000000000000e+00
-4.294040447652365255e-01,-4.965330285207816274e-01,0.000000000000000000e+00
-5.293936850371139258e-01,-1.278307629905794052e+00,0.000000000000000000e+00
-1.299960968630141434e+00,-1.151216243110151360e+00,0.000000000000000000e+00
-6.941568352103607564e-01,-1.147558733451065516e+00,0.000000000000000000e+00
-1.069166395586690133e+00,-1.226990968380230251e+00,0.000000000000000000e+00
-6.043251053072863366e-01,-1.204046599263363548e+00,0.000000000000000000e+00
-9.895857091470172673e-01,-7.079981684094613925e-01,0.000000000000000000e+00
-3.144883779223464071e-01,-9.250663146091276934e-01,0.000000000000000000e+00
-4.320753056324450059e-02,-2.168043844735125791e+00,0.000000000000000000e+00
-1.290369465052954245e+00,-1.263907930930036505e+00,0.000000000000000000e+00
-1.472243652113549350e+00,-1.541630545325996859e+00,0.000000000000000000e+00
-9.240933587445159247e-01,-1.055786328727427614e+00,0.000000000000000000e+00
-1.658243085836388353e-01,-8.831507926718941137e-01,0.000000000000000000e+00
-1.106738705989425142e+00,-1.877546824918842727e+00,0.000000000000000000e+00
-9.519741573747859675e-01,-2.065254709326117322e+00,0.000000000000000000e+00
-9.455321780163932210e-01,-9.075107922382616987e-01,0.000000000000000000e+00
-6.793598868703263349e-01,-1.370035011080043885e+00,0.000000000000000000e+00
-6.501020238824692932e-01,-1.265444511150427109e+00,0.000000000000000000e+00
-9.277408399465094657e-01,-2.035132409179144730e+00,0.000000000000000000e+00
-3.339588610886245479e-01,-1.116526894326045793e+00,0.000000000000000000e+00
-1.505325206742272326e-01,-1.534084686427799271e+00,0.000000000000000000e+00
-3.879160198653559544e-01,-1.550989525589336893e+00,0.000000000000000000e+00
-7.146535582242949936e-01,-1.642323693658470196e+00,0.000000000000000000e+00
-1.882652591288083710e-01,-1.927465532271597226e+00,0.000000000000000000e+00
-7.140448639552143817e-01,-1.108654895805347929e+00,0.000000000000000000e+00
-3.109003717391900512e-01,-1.505337327261180302e+00,0.000000000000000000e+00
-1.032978416231208563e+00,-1.611336457881393125e+00,0.000000000000000000e+00
-9.004835853522291655e-01,-1.450931951863908331e+00,0.000000000000000000e+00
-9.962953503816655010e-01,-1.665184468026511322e+00,0.000000000000000000e+00
-3.074403812765894584e-01,-1.586155187491405050e+00,0.000000000000000000e+00
-1.222297611426480746e+00,-1.459210543687930350e+00,0.000000000000000000e+00
3.269606136464217605e-01,-1.493635050078476301e+00,0.000000000000000000e+00
-4.294386914893149054e-01,-1.752652846552260169e+00,0.000000000000000000e+00
-3.406817969750884911e-01,-1.447921333940891175e+00,0.000000000000000000e+00
-5.274057751131328020e-01,-2.084167359835114475e+00,0.000000000000000000e+00
-2.026578309019482216e-01,-2.347663731287509492e+00,0.000000000000000000e+00
5.950600760731372674e-02,-1.784572504324176245e+00,0.000000000000000000e+00
5.305344375601970253e-01,-1.741690669962237648e+00,0.000000000000000000e+00
-6.640386259065041985e-01,-2.026565867090403650e+00,0.000000000000000000e+00
-2.014244110404376786e-01,-2.059177058912335934e+00,0.000000000000000000e+00
2.081245447106086499e-01,-2.094894108639177688e+00,0.000000000000000000e+00
-1.020190209834500372e+00,-2.170387405022007332e+00,0.000000000000000000e+00
-1.534190221291848732e-01,-1.191653052221194775e+00,0.000000000000000000e+00
2.056811733196043934e-01,-1.629624450462806129e+00,0.000000000000000000e+00
-2.553433871633969954e-01,-1.786221524275347861e+00,0.000000000000000000e+00
-7.593750162430135120e-04,-1.102544201149349368e+00,0.000000000000000000e+00
-5.732086140850229938e-01,-2.033809372101393009e+00,0.000000000000000000e+00
-9.288726867141198218e-01,-2.115393754917882951e+00,0.000000000000000000e+00
-5.982950332228413881e-01,-1.304176933479660683e+00,0.000000000000000000e+00
-2.782471433397703531e-01,-1.116682030610448795e+00,0.000000000000000000e+00
1.920684201527666501e-01,-2.244551654272226138e+00,0.000000000000000000e+00
-2.332307784740904610e-01,-1.727488919030103709e+00,0.000000000000000000e+00
1.346958229444219501e-01,-1.999395963045625502e+00,0.000000000000000000e+00
-1.502677435189486155e-01,-1.802308483952590024e+00,0.000000000000000000e+00
-1.251161724595132030e-01,-1.757064505384900333e+00,0.000000000000000000e+00
-8.764709886833521590e-01,-2.003105552685900737e+00,0.000000000000000000e+00
1.180388345574209102e-01,-1.489391067741623331e+00,0.000000000000000000e+00
-5.240389524091220164e-01,-1.669729720254086835e+00,0.000000000000000000e+00
-1.453046467282203547e-01,-1.474904806275941560e+00,0.000000000000000000e+00
-6.145943697789820748e-01,-2.176832467398826410e+00,0.000000000000000000e+00
-1.660485382195084902e-01,-2.061112627292649879e+00,0.000000000000000000e+00
-4.922532724045702301e-01,-2.028486459450101087e+00,0.000000000000000000e+00
1.242524924560947652e-01,-2.372662529533900333e+00,0.000000000000000000e+00
-3.796668089100341259e-01,-2.318968146158987054e+00,0.000000000000000000e+00
5.789850708898193199e-01,-2.423731742626492380e+00,0.000000000000000000e+00
-1.111010973070037794e-01,-1.748097579014724845e+00,0.000000000000000000e+00
2.269608543098789177e-01,-2.135934679861658747e+00,0.000000000000000000e+00
-3.843118558319705835e-01,-1.806393890703336114e+00,0.000000000000000000e+00
3.592638750484082877e-01,-1.867191134828475985e+00,0.000000000000000000e+00
1.751408319625752386e-01,-2.250763803622183090e+00,0.000000000000000000e+00
2.476399009841332988e-01,-2.404156927929923082e+00,0.000000000000000000e+00
-2.282012828192615250e-01,-1.954011031880918736e+00,0.000000000000000000e+00
-1.486229694028644022e-01,-2.275124791621014886e+00,0.000000000000000000e+00
6.457603547114283693e-02,-1.623994732044059086e+00,0.000000000000000000e+00
6.184025397000805224e-01,-1.545563688348643661e+00,0.000000000000000000e+00
-1.184383749808106956e-01,-2.219399231673565343e+00,0.000000000000000000e+00
2.119822861586104501e-01,-1.946165672624235565e+00,0.000000000000000000e+00
2.216857671863536883e-01,-2.160018179891187717e+00,0.000000000000000000e+00
3.690543562100875863e-02,-1.662910754501867316e+00,0.000000000000000000e+00
-9.706763458733139172e-02,-2.204927235102846161e+00,0.000000000000000000e+00
9.625074334069843029e-01,-1.744732068247410783e+00,0.000000000000000000e+00
1.298985227270624543e-01,-1.559983394073140461e+00,0.000000000000000000e+00
-4.720905560327530170e-01,-2.154219493993823065e+00,0.000000000000000000e+00
-8.296877903127886089e-02,-2.815075888019668682e+00,0.000000000000000000e+00
-3.284925122653871155e-01,-2.478236912544146353e+00,0.000000000000000000e+00
-7.082955017742189607e-01,-2.609092000804416056e+00,0.000000000000000000e+00
-3.345356407916774688e-02,-2.353256669746328633e+00,0.000000000000000000e+00
-1.190399081545389232e-01,-1.340968500918113149e+00,0.000000000000000000e+00
6.342384170231912810e-01,-1.993763826063778000e+00,0.000000000000000000e+00
4.358237443989655402e-01,-1.966326138632592313e+00,0.000000000000000000e+00
-1.466868935423840947e-01,-2.138190843149726739e+00,0.000000000000000000e+00
2.962963730730118206e-01,-2.601997204256835339e+00,0.000000000000000000e+00
1.488134078080201872e-01,-2.322490589446303932e+00,0.000000000000000000e+00
1.751577523828327654e-01,-1.941460670761281593e+00,0.000000000000000000e+00
1.531596125231697303e-01,-2.691083157083637101e+00,0.000000000000000000e+00
8.056963590181192014e-01,-1.433066662189199869e+00,0.000000000000000000e+00
3.040403698008090627e-01,-1.790703121124434416e+00,0.000000000000000000e+00
-5.649089901694454019e-02,-2.028311858312880744e+00,0.000000000000000000e+00
6.951405461070031544e-02,-2.424540393564914353e+00,0.000000000000000000e+00
1.466919924079744808e-01,-1.992221447736497231e+00,0.000000000000000000e+00
4.698178093287098678e-01,-1.798547959579269717e+00,0.000000000000000000e+00
5.242829085434297376e-02,-2.016076099565501600e+00,0.000000000000000000e+00
1.654900323410121166e-01,-2.104544738996505071e+00,0.000000000000000000e+00
-1.690578285743898901e-02,-1.621378943919947080e+00,0.000000000000000000e+00
2.336176192725480383e-01,-2.281813973301193954e+00,0.000000000000000000e+00
5.953228208649962161e-01,-2.057920224620388261e+00,0.000000000000000000e+00
1.659356252315612179e-01,-1.821265696861306127e+00,0.000000000000000000e+00
1.031661158418500257e+00,-9.907208000713496610e-01,0.000000000000000000e+00
7.130213053096455811e-01,-1.830244329793523139e+00,0.000000000000000000e+00
1.524953499488206077e-01,-1.592289586277793045e+00,0.000000000000000000e+00
5.294807829731920101e-01,-1.334523996683850244e+00,0.000000000000000000e+00
8.892380124494075888e-01,-1.531103463203318249e+00,0.000000000000000000e+00
1.270832301128099751e-02,-2.002434598907066654e+00,0.000000000000000000e+00
-1.423953239211583899e-01,-1.497837283797766927e+00,0.000000000000000000e+00
3.168658564685393753e-01,-1.665541189332081062e+00,0.000000000000000000e+00
1.041430191459824961e+00,-1.884595772073052844e+00,0.000000000000000000e+00
8.809333378522804514e-01,-2.242279035129989495e+00,0.000000000000000000e+00
6.754473339893118933e-01,-2.044984659642514302e+00,0.000000000000000000e+00
4.871742165945922576e-01,-1.844666017779370115e+00,0.000000000000000000e+00
7.326786340201525416e-01,-1.119863999538079913e+00,0.000000000000000000e+00
6.194724297242205635e-01,-1.085436045697159013e+00,0.000000000000000000e+00
3.779242002494428987e-01,-2.463593559813351597e+00,0.000000000000000000e+00
1.502708731744791804e-01,-1.490470428502887579e+00,0.000000000000000000e+00
7.345844944906232410e-01,-1.569619709744973113e+00,0.000000000000000000e+00
3.449636643421258309e-01,-1.789832612084395924e+00,0.000000000000000000e+00
-4.116520110782995179e-02,-1.619863200930853786e+00,0.000000000000000000e+00
2.981843232095574003e-01,-1.962283022254782461e+00,0.000000000000000000e+00
2.999331728335311587e-01,-1.251075866285481286e+00,0.000000000000000000e+00
7.183745906973297846e-01,-2.130026453252158003e+00,0.000000000000000000e+00
9.641081712835711803e-01,-1.396421118860541766e+00,0.000000000000000000e+00
4.475508813849147782e-01,-1.605974993015451435e+00,0.000000000000000000e+00
5.660682657717351907e-01,-1.468557785115584657e+00,0.000000000000000000e+00
5.548869361418029555e-01,-1.284910205591464738e+00,0.000000000000000000e+00
8.610325471333760694e-01,-1.333004027049357720e+00,0.000000000000000000e+00
3.352252313890203284e-01,-1.902538593401182476e+00,0.000000000000000000e+00
3.279803628921635350e-01,-1.364416410479334818e+00,0.000000000000000000e+00
6.205730468884484985e-01,-1.721453064040221692e+00,0.000000000000000000e+00
8.323050832048620729e-01,-1.326030247351410951e+00,0.000000000000000000e+00
8.439057753942255102e-01,-9.683485431817046019e-01,0.000000000000000000e+00
7.945318701417342089e-01,-1.376424991839606982e+00,0.000000000000000000e+00
-1.096791394845918477e-01,-1.141086100144169446e+00,0.000000000000000000e+00
1.186379478912054974e+00,-1.174586940719419381e+00,0.000000000000000000e+00
4.512315846044175904e-01,-1.006818748760657245e+00,0.000000000000000000e+00
8.047071906960046039e-01,-1.213125415402977580e+00,0.000000000000000000e+00
8.401238049654391471e-01,-1.213555150087262557e+00,0.000000000000000000e+00
9.589859087073095978e-01,-1.912737646183851004e+00,0.000000000000000000e+00
1.280047189818794395e+00,-9.525081158777296553e-01,0.000000000000000000e+00
8.597857320983002261e-01,-9.195139016168502044e-01,0.000000000000000000e+00
7.110132622546996295e-01,-1.618662065064862432e+00,0.000000000000000000e+00
9.451530668512793110e-01,-1.573332848043315080e+00,0.000000000000000000e+00
7.965896384923315532e-01,-1.270541376040193349e+00,0.000000000000000000e+00
5.113245550661502659e-01,-8.807070724574710407e-01,0.000000000000000000e+00
1.072574544904469684e+00,-1.549190713194314784e+00,0.000000000000000000e+00
9.344545806783367548e-01,-1.884598589814128644e+00,0.000000000000000000e+00
1.015834076348532955e+00,-9.492347263895735132e-01,0.000000000000000000e+00
3.429701411780876619e-01,-1.261908666628489994e+00,0.000000000000000000e+00
1.238831629942605872e+00,-9.029820569289542798e-01,0.000000000000000000e+00
6.420814765795075374e-01,-1.266720471369565892e+00,0.000000000000000000e+00
4.091600128650640933e-01,-9.899255511204705371e-01,0.000000000000000000e+00
8.578075552528121595e-01,-6.552873616229917264e-01,0.000000000000000000e+00
4.269132202351393346e-01,-7.051173972320941008e-01,0.000000000000000000e+00
6.088256691642910390e-01,-1.104375735480667364e+00,0.000000000000000000e+00
1.263715609516694816e+00,-1.148335930377075487e+00,0.000000000000000000e+00
8.862669854506909362e-01,-1.055243756906168562e+00,0.000000000000000000e+00
1.076334091151191386e+00,-8.921492115828346670e-01,0.000000000000000000e+00
5.983270932543207632e-01,-1.048892349993181039e+00,0.000000000000000000e+00
6.954367920632000821e-01,-8.796726121681871513e-01,0.000000000000000000e+00
7.340975493850346867e-01,-1.280389774984927787e+00,0.000000000000000000e+00
9.329813080844233664e-01,-7.877564977041855432e-01,0.000000000000000000e+00
9.767540831678117597e-01,-1.477248530445052888e+00,0.000000000000000000e+00
4.381723020486776865e-01,-1.390431726511878185e+00,0.000000000000000000e+00
3.788770536707042336e-02,-5.816329211272459609e-01,0.000000000000000000e+00
1.002634964927533900e+00,-1.364892675429152824e+00,0.000000000000000000e+00
8.297663645394581788e-01,-2.233076870945274461e-01,0.000000000000000000e+00
7.289420263088957075e-01,-5.653298922664224957e-01,0.000000000000000000e+00
1.017388467449318545e+00,-1.214628682250784575e-02,0.000000000000000000e+00
1.160644624424354232e+00,5.212202401525412032e-02,0.000000000000000000e+00
1.109413652741480405e+00,-5.478947934429903022e-01,0.000000000000000000e+00
8.369792017911341642e-01,-7.051115719485238076e-01,0.000000000000000000e+00
1.011264957032638634e+00,-3.007592483828090968e-01,0.000000000000000000e+00
8.588335687677450814e-01,-1.125233185013869486e+00,0.000000000000000000e+00
3.366095872412699919e-01,-1.038044768858390032e+00,0.000000000000000000e+00
7.958046691309805798e-01,-3.621345741110882366e-01,0.000000000000000000e+00
1.557385092356662337e+00,1.442747859868831473e-01,0.000000000000000000e+00
1.290851366352044893e+00,-1.210506674135472860e+00,0.000000000000000000e+00
9.786149868892244363e-01,-1.001369161775000904e+00,0.000000000000000000e+00
1.629296967622978265e+00,-4.803553652648379635e-01,0.000000000000000000e+00
7.947336355043354006e-01,-3.081625698948596837e-01,0.000000000000000000e+00
1.160137260711171070e+00,-1.182849624704767066e-01,0.000000000000000000e+00
1.306570055527966012e+00,1.307230836771261506e-02,0.000000000000000000e+00
2.043586723022169593e+00,-2.387406123287194315e-01,0.000000000000000000e+00
1.099627575011735470e+00,-2.809234950598844538e-01,0.000000000000000000e+00
1.344236018741183036e+00,-8.034913343823428811e-01,0.000000000000000000e+00
1.258744368774148858e+00,-6.324979302072986087e-01,0.000000000000000000e+00
6.810665231536768838e-01,-5.401997174550924319e-01,0.000000000000000000e+00
8.409169713790523026e-01,-5.479176241009989234e-02,0.000000000000000000e+00
4.403124727183076459e-01,2.110165496951857400e-01,0.000000000000000000e+00
8.719620184833170029e-01,-3.450220067277984803e-01,0.000000000000000000e+00
1.447245996195780426e+00,-6.348364847423043633e-01,0.000000000000000000e+00
4.441253088850466990e-01,5.436765996700159143e-01,0.000000000000000000e+00
9.805800933374446693e-01,-1.164937257358565625e-01,0.000000000000000000e+00
1.411160157312837615e+00,2.112499077754020071e-01,0.000000000000000000e+00
5.725782084974313513e-01,3.833208836000062680e-01,0.000000000000000000e+00
9.934474661251242456e-01,-3.212162877923951387e-01,0.000000000000000000e+00
2.449950160620820050e+00,-3.320657892471459705e-02,1.000000000000000000e+00
2.347162755799193423e+00,1.943641135359242544e-01,1.000000000000000000e+00
1.562011840806839968e+00,3.887282536006722578e-02,1.000000000000000000e+00
2.499822219682203972e+00,-1.117163073740961576e-01,1.000000000000000000e+00
2.085952238849652307e+00,5.055210166066973487e-01,1.000000000000000000e+00
1.859683378587831282e+00,8.669959424835894657e-01,1.000000000000000000e+00
1.522920440130185904e+00,2.294051840084309346e-01,1.000000000000000000e+00
2.431066218862544481e+00,2.656263490415994855e-01,1.000000000000000000e+00
2.148256356404106171e+00,6.707513891157022012e-01,1.000000000000000000e+00
1.679266445254695261e+00,-4.348536255634303238e-01,1.000000000000000000e+00
1.918208219527987923e+00,7.025457745241723284e-01,1.000000000000000000e+00
2.122596022742738953e+00,8.809749207297038476e-01,1.000000000000000000e+00
1.902213499666010055e+00,2.849753580936154052e-01,1.000000000000000000e+00
1.934918648332169200e+00,9.327957527674604066e-01,1.000000000000000000e+00
1.491981314600180353e+00,4.343385311282381700e-01,1.000000000000000000e+00
2.017145705968972802e+00,1.259465321860931963e+00,1.000000000000000000e+00
1.801289939108384086e+00,3.749354390619811239e-01,1.000000000000000000e+00
2.042206502044239702e+00,4.490970652058639545e-01,1.000000000000000000e+00
2.351932475076004447e+00,8.212100607151489040e-01,1.000000000000000000e+00
2.097605224425031611e+00,8.636217124533879241e-01,1.000000000000000000e+00
1.501812285969593264e+00,1.573449802683826837e+00,1.000000000000000000e+00
2.252828593866230467e+00,2.110127349937158669e+00,1.000000000000000000e+00
2.344941504898168105e+00,1.780911862648759225e+00,1.000000000000000000e+00
1.854542731974870184e+00,1.216330352126112624e+00,1.000000000000000000e+00
1.891850599757622930e+00,1.278575820600807100e+00,1.000000000000000000e+00
1.596385687256045571e+00,8.640815720171084457e-01,1.000000000000000000e+00
1.628865361301990777e+00,1.205187150923507033e+00,1.000000000000000000e+00
2.149070698646006417e+00,9.717512449431786603e-01,1.000000000000000000e+00
1.721972017092892493e+00,7.780492232581113221e-01,1.000000000000000000e+00
2.324077063958887912e+00,1.124839698742984950e+00,1.000000000000000000e+00
1.982294137498681330e+00,9.600599110496113031e-01,1.000000000000000000e+00
1.977860923356073330e+00,1.482569195899114733e+00,1.000000000000000000e+00
1.599150439344025010e+00,1.175698263171700786e+00,1.000000000000000000e+00
1.221699049699703554e+00,1.532430947298607293e+00,1.000000000000000000e+00
1.757311753329321435e+00,1.656280315819501636e+00,1.000000000000000000e+00
1.469253978625977952e+00,1.488942171447035889e+00,1.000000000000000000e+00
1.817765893697459667e+00,1.747719129243639591e+00,1.000000000000000000e+00
1.521558279302969607e+00,1.599824590852665596e+00,1.000000000000000000e+00
1.773896001531388045e+00,1.959514398937119983e+00,1.000000000000000000e+00
1.471286681192294443e+00,2.004835776117241064e+00,1.000000000000000000e+00
2.292701696589361848e+00,1.975425762316433964e+00,1.000000000000000000e+00
1.123197821617871739e+00,2.051474316778797213e+00,1.000000000000000000e+00
2.034046465765407596e+00,1.862898185350085001e+00,1.000000000000000000e+00
1.925889251522018952e+00,2.174367106027948360e+00,1.000000000000000000e+00
1.714121962765892793e+00,2.006856671864009733e+00,1.000000000000000000e+00
1.189400456841422260e+00,1.909716569291042720e+00,1.000000000000000000e+00
2.084519150043845581e+00,2.483668076568109839e+00,1.000000000000000000e+00
1.597176062320155188e+00,2.313698793181091062e+00,1.000000000000000000e+00
1.504812681858576529e+00,2.092641537496893189e+00,1.000000000000000000e+00
1.537697153979443510e+00,2.285841439952810195e+00,1.000000000000000000e+00
1.645629646973890248e+00,2.435137762799059136e+00,1.000000000000000000e+00
1.234399527894755266e+00,2.473771806854063726e+00,1.000000000000000000e+00
1.705076510502486986e+00,2.169957420024072547e+00,1.000000000000000000e+00
1.657135423927087681e+00,2.634970861547032417e+00,1.000000000000000000e+00
1.089024581261674784e+00,1.981365535592147342e+00,1.000000000000000000e+00
1.381800527265621970e+00,3.071816457258507160e+00,1.000000000000000000e+00
1.191950373462224544e+00,3.096027134112983248e+00,1.000000000000000000e+00
1.698439466764710026e+00,2.017978579867027111e+00,1.000000000000000000e+00
1.389323920889380171e+00,2.114923851155358303e+00,1.000000000000000000e+00
1.299277057709508743e+00,2.501719423193351499e+00,1.000000000000000000e+00
1.319114826317844713e+00,2.980702306810271818e+00,1.000000000000000000e+00
1.244793760394324655e+00,2.419519476608944064e+00,1.000000000000000000e+00
1.904661227829176129e+00,2.519971779250189670e+00,1.000000000000000000e+00
1.737414180107291761e+00,2.591554478455669219e+00,1.000000000000000000e+00
1.582668645409863739e+00,3.001326001119900777e+00,1.000000000000000000e+00
1.621907363223244580e+00,3.132270165432680553e+00,1.000000000000000000e+00
1.047496158903359564e+00,2.693130432350347103e+00,1.000000000000000000e+00
1.179255006836685160e+00,3.437433183686730676e+00,1.000000000000000000e+00
1.853416814871340801e+00,2.975408100185509497e+00,1.000000000000000000e+00
1.104305785943304974e+00,2.815186167797774530e+00,1.000000000000000000e+00
1.087912171650019744e+00,2.574777342992028206e+00,1.000000000000000000e+00
9.725470697409575038e-01,3.492030946519181001e+00,1.000000000000000000e+00
1.103708015037930590e+00,3.601084683025004285e+00,1.000000000000000000e+00
1.451250274292201548e+00,3.340001679974491378e+00,1.000000000000000000e+00
1.670303633614239613e+00,2.315863896270803579e+00,1.000000000000000000e+00
9.014116108293255270e-01,3.258692502261098856e+00,1.000000000000000000e+00
8.106806823395938943e-01,3.078277511001230593e+00,1.000000000000000000e+00
1.116451128498843870e+00,3.418390484181915490e+00,1.000000000000000000e+00
1.094626611827368645e+00,3.387150088420041616e+00,1.000000000000000000e+00
1.544980538078807975e+00,3.297466754165965241e+00,1.000000000000000000e+00
7.185231467380648329e-01,3.493259782432068139e+00,1.000000000000000000e+00
1.201201586198997751e+00,3.026857590650108065e+00,1.000000000000000000e+00
5.388420216142639774e-01,3.302258263163184715e+00,1.000000000000000000e+00
1.164387920599520898e+00,2.921661283324777703e+00,1.000000000000000000e+00
1.273848421552691068e+00,3.440961266884137171e+00,1.000000000000000000e+00
5.635215724975287666e-01,3.292534131923679830e+00,1.000000000000000000e+00
8.502451866389572066e-01,3.269919734350975382e+00,1.000000000000000000e+00
6.425684022122100103e-01,3.615674089725195994e+00,1.000000000000000000e+00
1.362807858899387270e+00,3.767800400360777680e+00,1.000000000000000000e+00
2.753832842907507628e-01,3.508168436155981951e+00,1.000000000000000000e+00
1.120244893864071889e-01,3.514075420846468845e+00,1.000000000000000000e+00
4.483545758938315418e-01,3.583247972042678420e+00,1.000000000000000000e+00
5.656581928636401635e-01,4.486110862495491958e+00,1.000000000000000000e+00
1.505887558040460261e+00,3.727716083664878166e+00,1.000000000000000000e+00
1.290769656995190529e+00,4.256651158284468828e+00,1.000000000000000000e+00
5.510817136748586975e-01,4.361517339067813914e+00,1.000000000000000000e+00
2.514494875243054040e-01,3.361133487651164931e+00,1.000000000000000000e+00
1.152583631063334169e+00,3.623153686103027571e+00,1.000000000000000000e+00
1.290457633438161444e+00,4.059276270650030050e+00,1.000000000000000000e+00
5.180482990281607414e-01,4.242637387338201727e+00,1.000000000000000000e+00
8.396927266962972425e-01,3.573750798041731791e+00,1.000000000000000000e+00
8.162640581408833196e-01,4.051956931103604553e+00,1.000000000000000000e+00
4.956411699399543846e-01,3.869460777321746203e+00,1.000000000000000000e+00
1.489960866492462621e+00,3.661328721733664082e+00,1.000000000000000000e+00
5.729475636980035924e-01,3.850102761562440801e+00,1.000000000000000000e+00
8.375839777775702100e-01,3.654267021536105275e+00,1.000000000000000000e+00
1.074909303781479641e+00,4.025812640119800889e+00,1.000000000000000000e+00
4.389379443458740759e-01,3.480641607610218013e+00,1.000000000000000000e+00
6.965091119468270753e-01,3.569963838806017975e+00,1.000000000000000000e+00
4.217653875490530169e-01,3.973346309647043828e+00,1.000000000000000000e+00
7.591741260305254757e-01,3.566285325516728832e+00,1.000000000000000000e+00
5.323248283178991791e-01,4.309719900972315720e+00,1.000000000000000000e+00
6.245169439268092315e-01,3.763831665794006298e+00,1.000000000000000000e+00
5.925660099133096548e-01,4.414202609695327517e+00,1.000000000000000000e+00
2.914602021319536163e-01,3.558873071832282964e+00,1.000000000000000000e+00
2.320674718364700850e-01,3.915254479880350580e+00,1.000000000000000000e+00
-7.022926339303430243e-01,3.448479119407811933e+00,1.000000000000000000e+00
7.529933966184097771e-02,4.081063878838359749e+00,1.000000000000000000e+00
-5.418653331743766843e-03,4.482914334642194021e+00,1.000000000000000000e+00
3.769664963268056224e-01,3.734990599518202892e+00,1.000000000000000000e+00
-3.266902661057899393e-02,4.296774543293173210e+00,1.000000000000000000e+00
-3.095059883759835873e-01,3.379092241769308114e+00,1.000000000000000000e+00
-2.443568224556912916e-01,4.232431027178116700e+00,1.000000000000000000e+00
1.184411037725581761e-01,3.692075224034549130e+00,1.000000000000000000e+00
-6.146948487672834194e-01,3.892760721050596118e+00,1.000000000000000000e+00
2.614774724007797868e-01,3.697172163672267420e+00,1.000000000000000000e+00
-4.545852780138928129e-01,4.376620444881923255e+00,1.000000000000000000e+00
2.213090441678112197e-01,3.766698433388299794e+00,1.000000000000000000e+00
6.119154986598325241e-01,3.840782518366165466e+00,1.000000000000000000e+00
2.558127097589815713e-01,4.015254065638662162e+00,1.000000000000000000e+00
1.674013890931851656e-01,3.936201080266271024e+00,1.000000000000000000e+00
-6.837343770779366059e-01,3.796866721273564060e+00,1.000000000000000000e+00
-7.043197178104380063e-01,3.931200268894428085e+00,1.000000000000000000e+00
-1.099627374150484865e-01,4.712895571816851259e+00,1.000000000000000000e+00
-7.376459110080464399e-01,4.165958744544831838e+00,1.000000000000000000e+00
-1.722908085993124852e-02,4.151764592849344737e+00,1.000000000000000000e+00
-2.650506517788879246e-01,4.387778218075019332e+00,1.000000000000000000e+00
-7.791645708623007316e-03,3.451602448938665191e+00,1.000000000000000000e+00
-1.094223883970883104e+00,3.941372794239246691e+00,1.000000000000000000e+00
-1.161369986434816370e+00,3.440855402591147083e+00,1.000000000000000000e+00
-2.317494910857447188e-01,3.496093813889371127e+00,1.000000000000000000e+00
-6.255404993553462800e-01,3.986311924399145390e+00,1.000000000000000000e+00
-8.459244061485687860e-02,3.977998583688291845e+00,1.000000000000000000e+00
-3.691516648599910133e-01,4.193595210824580199e+00,1.000000000000000000e+00
-8.534529320995420942e-01,3.953565842977268208e+00,1.000000000000000000e+00
-4.861375009229736421e-01,3.724119676339411988e+00,1.000000000000000000e+00
1.967622363455630574e-01,4.015330697377772928e+00,1.000000000000000000e+00
-4.542044901109193455e-01,4.133612876398058411e+00,1.000000000000000000e+00
-5.801311008457860074e-01,4.709143601454299777e+00,1.000000000000000000e+00
-1.162764495001011422e+00,3.944593976391893797e+00,1.000000000000000000e+00
-1.025825445858897789e+00,4.147046712526502255e+00,1.000000000000000000e+00
-8.771264042048673160e-01,3.057166486233065861e+00,1.000000000000000000e+00
-5.702784213981095807e-01,3.525454983197604975e+00,1.000000000000000000e+00
-1.082715748610805218e+00,3.726202459084380525e+00,1.000000000000000000e+00
-6.398936753707110681e-01,4.171669043287625556e+00,1.000000000000000000e+00
-1.153935339834458729e+00,3.784559076121842391e+00,1.000000000000000000e+00
-9.101599612869966105e-01,4.835978911601900521e+00,1.000000000000000000e+00
-6.822931532900242679e-01,3.961443179695249395e+00,1.000000000000000000e+00
-1.602824204497781180e+00,3.097403597963874766e+00,1.000000000000000000e+00
-8.236331570802507551e-01,3.406550631070876189e+00,1.000000000000000000e+00
-2.906515471357893343e-01,3.703616940545606973e+00,1.000000000000000000e+00
-9.187183403305708707e-01,3.673262219672754458e+00,1.000000000000000000e+00
-7.964205116168476817e-01,3.729552239120030421e+00,1.000000000000000000e+00
-8.850575532550506441e-01,3.931071960003691412e+00,1.000000000000000000e+00
-2.110602693592718460e+00,3.776759283757676222e+00,1.000000000000000000e+00
-1.152706460864256766e+00,2.955172388534208938e+00,1.000000000000000000e+00
-7.116314129555512125e-01,3.667418872111606554e+00,1.000000000000000000e+00
-1.139726437722133445e+00,2.781417491055610647e+00,1.000000000000000000e+00
-1.633404182703544816e+00,3.143279383411686112e+00,1.000000000000000000e+00
-4.250368335072026715e-01,2.842610512430034042e+00,1.000000000000000000e+00
-1.573135351653748515e+00,3.095286489301499966e+00,1.000000000000000000e+00
-1.067926449074319439e+00,3.727006068067632238e+00,1.000000000000000000e+00
-1.444893008450617078e+00,3.163294773635561441e+00,1.000000000000000000e+00
-1.557467166845920792e+00,3.112465460191666811e+00,1.000000000000000000e+00
-9.043201025825684525e-01,3.531039861491189757e+00,1.000000000000000000e+00
-1.452439999865585474e+00,3.490620204016832595e+00,1.000000000000000000e+00
-8.902630204061321439e-01,3.160705779242543034e+00,1.000000000000000000e+00
-1.032453625681181153e+00,3.832151469740899596e+00,1.000000000000000000e+00
-8.610614820711868234e-01,3.466662544201035701e+00,1.000000000000000000e+00
-1.133992523806198083e+00,3.060141082572029436e+00,1.000000000000000000e+00
-1.571835909264288400e+00,3.276829656520840572e+00,1.000000000000000000e+00
-1.724378750369459423e+00,2.086014847549148232e+00,1.000000000000000000e+00
-1.739188436913889912e+00,3.399081947401415338e+00,1.000000000000000000e+00
-1.196057994785825418e+00,3.393596796659930526e+00,1.000000000000000000e+00
-1.714377746617354425e+00,3.763359619676272416e+00,1.000000000000000000e+00
-1.264869407113694777e+00,2.611225604607649853e+00,1.000000000000000000e+00
-1.069930680766975062e+00,2.545739526945789422e+00,1.000000000000000000e+00
-8.415069711032285849e-01,3.172160792568675891e+00,1.000000000000000000e+00
-1.537944474412909823e+00,2.753126783012171508e+00,1.000000000000000000e+00
-7.926035505285641269e-01,2.842696108667394750e+00,1.000000000000000000e+00
-1.514922582160998177e+00,2.645256271849355745e+00,1.000000000000000000e+00
-1.295383917186286871e+00,2.932970525213985269e+00,1.000000000000000000e+00
-1.459115724315008578e+00,2.480806663621305308e+00,1.000000000000000000e+00
-1.228193378788859480e+00,1.978439580409949272e+00,1.000000000000000000e+00
-1.440271642351072634e+00,2.934455074030929644e+00,1.000000000000000000e+00
-1.517123162783519996e+00,2.229232018949396377e+00,1.000000000000000000e+00
-1.832251550584832689e+00,2.625634742579299630e+00,1.000000000000000000e+00
-1.693264025349359603e+00,3.324020992394928875e+00,1.000000000000000000e+00
-2.074908547123560876e+00,2.617344033311154838e+00,1.000000000000000000e+00
-1.462442448258417294e+00,2.257565708992192555e+00,1.000000000000000000e+00
-1.349587308886314840e+00,2.941045668065218166e+00,1.000000000000000000e+00
-1.435953604149707408e+00,2.484797188804009238e+00,1.000000000000000000e+00
-1.431154781566244871e+00,1.998414288267611028e+00,1.000000000000000000e+00
-1.653915574400925736e+00,1.493879631469846370e+00,1.000000000000000000e+00
-1.909344273515281243e+00,2.553740523213128277e+00,1.000000000000000000e+00
-1.322127239417717259e+00,2.430977660316842037e+00,1.000000000000000000e+00
-1.662051991972993248e+00,2.023162182583677193e+00,1.000000000000000000e+00
-2.030048933938480626e+00,1.924733902996373036e+00,1.000000000000000000e+00
-2.075637223061346237e+00,1.782557442537627823e+00,1.000000000000000000e+00
-1.777179384963919473e+00,2.406077290769995436e+00,1.000000000000000000e+00
-1.819400044798280769e+00,1.244253765947419099e+00,1.000000000000000000e+00
-2.129000539711650930e+00,1.651506331080224044e+00,1.000000000000000000e+00
-7.400725375405005080e-01,1.875951485209864877e+00,1.000000000000000000e+00
-1.341750463248277070e+00,1.334715978699732908e+00,1.000000000000000000e+00
-1.841054771595729278e+00,1.581647942164335241e+00,1.000000000000000000e+00
-1.836572100279480591e+00,1.771412081449651454e+00,1.000000000000000000e+00
-2.213678181243497800e+00,1.578292909557123203e+00,1.000000000000000000e+00
-1.861628784889288069e+00,1.889138296271232420e+00,1.000000000000000000e+00
-2.037009345111906011e+00,1.166016762891472380e+00,1.000000000000000000e+00
-1.793058811622208149e+00,1.865313072912432979e+00,1.000000000000000000e+00
-1.676306526034755162e+00,1.450041368963104649e+00,1.000000000000000000e+00
-2.083961254456383028e+00,1.277633182159705783e+00,1.000000000000000000e+00
-1.817554307298683058e+00,1.495077811237652599e+00,1.000000000000000000e+00
-2.221520512692979121e+00,1.115039247859216598e+00,1.000000000000000000e+00
-1.917059359917853589e+00,5.687546260431574074e-01,1.000000000000000000e+00
-2.292487032639539901e+00,1.345867035966220149e+00,1.000000000000000000e+00
-1.608076574253197499e+00,7.103554203374947695e-01,1.000000000000000000e+00
-1.421867211211734316e+00,5.502856127381631213e-01,1.000000000000000000e+00
-1.517906992348887929e+00,6.533627657667631095e-01,1.000000000000000000e+00
-1.958980889880465703e+00,9.761500847939722503e-01,1.000000000000000000e+00
-1.892381176972841805e+00,1.115484386968691677e+00,1.000000000000000000e+00
-1.548033001431354361e+00,3.358636514332803413e-01,1.000000000000000000e+00
-1.931331452725335796e+00,3.840595487269340413e-01,1.000000000000000000e+00
-1.898019748688032582e+00,1.325874822520933138e+00,1.000000000000000000e+00
-1.813181769991771830e+00,1.284906049456896682e+00,1.000000000000000000e+00
-2.055508422446499228e+00,9.564080338143468030e-01,1.000000000000000000e+00
-1.309886478457286341e+00,7.753196177359602537e-01,1.000000000000000000e+00
-1.893409743081225782e+00,1.031309758541807398e+00,1.000000000000000000e+00
-2.017022439192717176e+00,1.655962765768617950e-01,1.000000000000000000e+00
-2.213488046476890236e+00,2.181050245442137381e-01,1.000000000000000000e+00
-2.339326953439095025e+00,3.392665826067523538e-01,1.000000000000000000e+00
-1.427003352798734692e+00,3.502208261358583097e-01,1.000000000000000000e+00
-2.025494489999286163e+00,5.013235881598336885e-01,1.000000000000000000e+00
-1.969739956584885432e+00,3.430822681586686018e-01,1.000000000000000000e+00
-1.910465683226487688e+00,4.436797064963919901e-01,1.000000000000000000e+00
-1.708455610988692808e+00,5.574015921888659797e-01,1.000000000000000000e+00
-2.288974360365677363e+00,-2.220390611036335005e-01,1.000000000000000000e+00
-1.926869232935428666e+00,1.242890139510997305e-01,1.000000000000000000e+00
-1.490849735306571500e+00,2.724794829099789206e-01,1.000000000000000000e+00
-1.450038548238326674e+00,3.493393112176156889e-01,1.000000000000000000e+00
-1.959335582422026656e+00,-2.060530914563844240e-01,1.000000000000000000e+00
-2.034182064950897928e+00,-3.334749658717589549e-02,1.000000000000000000e+00
-2.068351173355645667e+00,-8.670065828604998914e-02,1.000000000000000000e+00
-2.333388141918426584e+00,-6.995026264929427029e-02,1.000000000000000000e+00
-2.335958154690212396e+00,-9.289566423221340408e-01,1.000000000000000000e+00
-1.589288434438848485e+00,6.507568654638449246e-01,1.000000000000000000e+00
-1.854746930603461408e+00,-1.973027756034307079e-01,1.000000000000000000e+00
-1.879696228050458995e+00,-6.623482606489823343e-01,1.000000000000000000e+00
-1.439784639966753765e+00,-5.443564093200716769e-01,1.000000000000000000e+00
-2.333619359799810500e+00,-4.923918925839197436e-01,1.000000000000000000e+00
-2.490539092132182830e+00,-1.039052640857540011e+00,1.000000000000000000e+00
-2.053604168810940767e+00,-3.222261381763397159e-02,1.000000000000000000e+00
-2.276078064014722457e+00,-1.082486106985308449e+00,1.000000000000000000e+00
-2.307482712217579390e+00,-5.389440841376009761e-01,1.000000000000000000e+00
-1.492464801127028284e+00,-6.826405020598482754e-01,1.000000000000000000e+00
-1.704941464969382370e+00,-2.782156679388794185e-01,1.000000000000000000e+00
-1.934936578169642818e+00,-1.428062569186065556e+00,1.000000000000000000e+00
-1.456258902921476306e+00,-8.219796516170737588e-01,1.000000000000000000e+00
-1.662569245274629459e+00,-6.137872768328715978e-01,1.000000000000000000e+00
-1.913829904013048200e+00,-4.976070718279367311e-01,1.000000000000000000e+00
-2.648409639221163570e+00,-1.691692168932613427e+00,1.000000000000000000e+00
-1.088006306492590003e+00,-7.796467060411713668e-01,1.000000000000000000e+00
-1.728483744175455028e+00,-4.109102274505418984e-01,1.000000000000000000e+00
-2.001757761207941577e+00,-1.470442317071843252e+00,1.000000000000000000e+00
-1.958365350679957428e+00,-1.820722776018124378e+00,1.000000000000000000e+00
-1.938033230992873834e+00,-1.157568291992079557e+00,1.000000000000000000e+00
-2.546250628183365894e+00,-1.310665724192246806e+00,1.000000000000000000e+00
-1.961087039575006630e+00,-9.393304274435810841e-01,1.000000000000000000e+00
-2.382400510395180415e+00,-1.424117754240391776e+00,1.000000000000000000e+00
-1.884043998793066832e+00,-1.630883749919916026e+00,1.000000000000000000e+00
-2.093162066381506481e+00,-1.418390165834070960e+00,1.000000000000000000e+00
-2.337488041591789578e+00,-1.946825825734126658e+00,1.000000000000000000e+00
-1.811481457215191826e+00,-1.551724294019330985e+00,1.000000000000000000e+00
-1.953449371167378379e+00,-1.839003640206059442e+00,1.000000000000000000e+00
-2.088553593434380407e+00,-2.239792630480222702e+00,1.000000000000000000e+00
-1.704839671176995086e+00,-2.148548482296672724e+00,1.000000000000000000e+00
-1.932657383868099377e+00,-1.852408041228814639e+00,1.000000000000000000e+00
-1.588151854406575580e+00,-1.955841991078060005e+00,1.000000000000000000e+00
-2.100360886124549520e+00,-1.247474236415064386e+00,1.000000000000000000e+00
-1.554154874345956117e+00,-2.498864391109065775e+00,1.000000000000000000e+00
-1.452483514889571614e+00,-2.143547300408633838e+00,1.000000000000000000e+00
-1.479492548436011967e+00,-2.059482118868401379e+00,1.000000000000000000e+00
-1.141507430812038537e+00,-1.678114418551654774e+00,1.000000000000000000e+00
-1.330937267187769280e+00,-1.545134783401725720e+00,1.000000000000000000e+00
-1.087034548276267998e+00,-1.778388764402360600e+00,1.000000000000000000e+00
-1.695696373753845743e+00,-2.130876255773012318e+00,1.000000000000000000e+00
-1.290723602954552796e+00,-2.211084030736380601e+00,1.000000000000000000e+00
-1.092769545839357148e+00,-2.861496406638351253e+00,1.000000000000000000e+00
-1.659083851930051701e+00,-2.122953627003226984e+00,1.000000000000000000e+00
-2.282995946136829879e+00,-2.064400273426532983e+00,1.000000000000000000e+00
-1.249378602977631036e+00,-2.648755482090414226e+00,1.000000000000000000e+00
-1.895090783623623709e+00,-2.804953685404946384e+00,1.000000000000000000e+00
-2.382192089282724634e+00,-2.787569486617125669e+00,1.000000000000000000e+00
-1.426617749516663425e+00,-2.241062261805994105e+00,1.000000000000000000e+00
-1.472324574232511285e+00,-2.169958511822112524e+00,1.000000000000000000e+00
-1.403239955331022859e+00,-2.422000542271598000e+00,1.000000000000000000e+00
-1.527945441446476371e+00,-2.282807885002851478e+00,1.000000000000000000e+00
-2.448165365622398504e+00,-2.325943123841873739e+00,1.000000000000000000e+00
-1.410794941055544260e+00,-2.617099171442366590e+00,1.000000000000000000e+00
-1.747248913090247546e+00,-2.505745769595940864e+00,1.000000000000000000e+00
-1.554200202716119250e+00,-2.858929186026351044e+00,1.000000000000000000e+00
-1.109638837487809448e+00,-3.143370216273338347e+00,1.000000000000000000e+00
-1.712884911425829992e+00,-3.127343030444471594e+00,1.000000000000000000e+00
-1.221695508833684718e+00,-2.618584134999904389e+00,1.000000000000000000e+00
-8.280655661982775362e-01,-3.210290987080694602e+00,1.000000000000000000e+00
-1.796567709675720881e+00,-3.131150392837819929e+00,1.000000000000000000e+00
-1.435639910468862857e+00,-2.405528691663215479e+00,1.000000000000000000e+00
-1.451829289706899173e+00,-3.151860952702420615e+00,1.000000000000000000e+00
-1.106346780815665065e+00,-3.190799530400005857e+00,1.000000000000000000e+00
-1.253654893448965746e+00,-2.898752883595070884e+00,1.000000000000000000e+00
-1.410751316181664272e+00,-3.212272516824589363e+00,1.000000000000000000e+00
-1.245196039294068413e+00,-3.457095004602884991e+00,1.000000000000000000e+00
-1.998412387568629711e+00,-3.462498172936892882e+00,1.000000000000000000e+00
-1.671425305787500371e+00,-3.464550605617679135e+00,1.000000000000000000e+00
-9.422759906322446533e-01,-3.145692126881515449e+00,1.000000000000000000e+00
-1.668806390843453169e+00,-3.400063644544559782e+00,1.000000000000000000e+00
-1.936343115829296302e+00,-3.097443341978719733e+00,1.000000000000000000e+00
-1.368759311856507344e+00,-3.287938426227901001e+00,1.000000000000000000e+00
-1.542360271091747892e+00,-3.512619107359525206e+00,1.000000000000000000e+00
-1.063356848131344901e+00,-3.513522340792723853e+00,1.000000000000000000e+00
-1.660772776788098870e+00,-3.684074740673539239e+00,1.000000000000000000e+00
-6.971791743190087765e-01,-3.108367891367293190e+00,1.000000000000000000e+00
-1.122777138746941183e+00,-3.418056309398940229e+00,1.000000000000000000e+00
-2.003778205574324733e-02,-3.297969289102473223e+00,1.000000000000000000e+00
-9.643706254422814705e-01,-3.973117996773357863e+00,1.000000000000000000e+00
-1.137132841526107496e+00,-3.244409857876397574e+00,1.000000000000000000e+00
-1.711656154112975781e+00,-3.313672420732283630e+00,1.000000000000000000e+00
-5.147633801023561162e-01,-3.541375499536082216e+00,1.000000000000000000e+00
-7.692439380687764450e-01,-3.440695174640594711e+00,1.000000000000000000e+00
-9.775396397956290784e-01,-3.218740282529680474e+00,1.000000000000000000e+00
-4.187904657774758066e-01,-3.951324311898252173e+00,1.000000000000000000e+00
-3.604095388174758940e-01,-3.419706340220928897e+00,1.000000000000000000e+00
-5.214910993684594986e-01,-4.074402895818159287e+00,1.000000000000000000e+00
-9.466196824339271343e-01,-3.785587268512439874e+00,1.000000000000000000e+00
-7.502824861782748656e-01,-4.103999015158354524e+00,1.000000000000000000e+00
-5.834837649492511380e-01,-2.961968604941492167e+00,1.000000000000000000e+00
-5.857754675520417953e-01,-3.863746988476845612e+00,1.000000000000000000e+00
-8.190994953361503406e-01,-3.847610936184140407e+00,1.000000000000000000e+00
-5.057715259233774852e-01,-3.611508393410742812e+00,1.000000000000000000e+00
-5.178611696442547707e-01,-3.764541021083734229e+00,1.000000000000000000e+00
-7.560785079010788889e-01,-3.942433570637376761e+00,1.000000000000000000e+00
-2.443458002178464372e-01,-3.291823590548597966e+00,1.000000000000000000e+00
-1.190469827961935678e+00,-4.038610695363093583e+00,1.000000000000000000e+00
-5.077946624113227614e-01,-4.380827618305654703e+00,1.000000000000000000e+00
-8.923889084002250005e-01,-4.383216399479869629e+00,1.000000000000000000e+00
-7.057893660481467935e-01,-3.392132279416658402e+00,1.000000000000000000e+00
-6.508123944685384465e-01,-3.141447109853529263e+00,1.000000000000000000e+00
-3.950902444799744284e-01,-3.335882547005932341e+00,1.000000000000000000e+00
2.161181656764088466e-02,-4.083556181263720219e+00,1.000000000000000000e+00
3.418008408521872044e-02,-4.036907004628811357e+00,1.000000000000000000e+00
-5.806663454427904991e-01,-3.675266480827561466e+00,1.000000000000000000e+00
-7.906591569003718067e-01,-4.194008932160298464e+00,1.000000000000000000e+00
-4.890303801448343535e-01,-3.529478088267035130e+00,1.000000000000000000e+00
-2.000283762548231148e-01,-4.022032465583483152e+00,1.000000000000000000e+00
-3.280407741232136409e-01,-4.073856583596682235e+00,1.000000000000000000e+00
-3.397534690957255132e-01,-3.768366668770291916e+00,1.000000000000000000e+00
-6.658844119001352535e-01,-4.009399500076793466e+00,1.000000000000000000e+00
-6.727080230281992090e-01,-3.913173111231881052e+00,1.000000000000000000e+00
-2.536739987047206824e-01,-4.462201155340196124e+00,1.000000000000000000e+00
-1.066694554238957482e-01,-3.611656166166419268e+00,1.000000000000000000e+00
-4.734797203237655072e-01,-3.321183787332545823e+00,1.000000000000000000e+00
1.834832183772069913e-02,-4.243276855961534366e+00,1.000000000000000000e+00
-1.723453166513763679e-02,-4.232652963699346849e+00,1.000000000000000000e+00
-6.214194525664746838e-01,-3.824515138570159678e+00,1.000000000000000000e+00
-8.746856834033869821e-02,-3.358756663574056667e+00,1.000000000000000000e+00
-3.121119345236203491e-01,-4.056910220005583767e+00,1.000000000000000000e+00
-1.523473161176105983e-01,-3.880699781835502904e+00,1.000000000000000000e+00
-1.693994870183175849e-01,-3.788010726522133442e+00,1.000000000000000000e+00
-4.822161612749304993e-01,-4.527571048105000884e+00,1.000000000000000000e+00
-3.996251927278750282e-02,-4.060740206580169875e+00,1.000000000000000000e+00
2.725313247481869761e-01,-3.306158190357761484e+00,1.000000000000000000e+00
2.055673866333774247e-01,-3.728296821099391423e+00,1.000000000000000000e+00
5.419987831973620551e-01,-3.280051371519342229e+00,1.000000000000000000e+00
3.467616013591303670e-01,-3.982715552913621782e+00,1.000000000000000000e+00
5.634330811624206348e-01,-3.583432280812422821e+00,1.000000000000000000e+00
3.228658931948381605e-01,-4.358281705666628092e+00,1.000000000000000000e+00
3.687586227423674257e-01,-3.728307584575654587e+00,1.000000000000000000e+00
7.406313040817182891e-01,-4.410562786253269252e+00,1.000000000000000000e+00
-8.453462318071558457e-01,-3.562251494361631021e+00,1.000000000000000000e+00
8.100347639787771614e-01,-3.462651149743662060e+00,1.000000000000000000e+00
-2.954231849152352818e-02,-4.132447994350775033e+00,1.000000000000000000e+00
4.884085858858129847e-01,-4.244189169771422243e+00,1.000000000000000000e+00
4.346410378085793225e-01,-4.318976643490293199e+00,1.000000000000000000e+00
-7.147337184903898022e-01,-4.020342174167614857e+00,1.000000000000000000e+00
1.615968919540121673e-01,-4.249401911889775896e+00,1.000000000000000000e+00
7.553880497357545742e-01,-3.488005713947590181e+00,1.000000000000000000e+00
-7.373845533198969404e-02,-3.690100422823690884e+00,1.000000000000000000e+00
8.378904337443027206e-01,-3.272336496258332339e+00,1.000000000000000000e+00
1.189469297939632852e+00,-4.424783062627600572e+00,1.000000000000000000e+00
4.725676651632464975e-01,-3.369251389654481788e+00,1.000000000000000000e+00
3.270529846724146150e-02,-4.193983032743001438e+00,1.000000000000000000e+00
1.017939381354904915e+00,-4.246940589725674897e+00,1.000000000000000000e+00
1.081387796039972482e+00,-3.916749329990749651e+00,1.000000000000000000e+00
1.178254073221386644e+00,-3.614863469804937335e+00,1.000000000000000000e+00
7.557628804588831795e-01,-3.223367096205813631e+00,1.000000000000000000e+00
3.505969074499002414e-01,-3.075266319107798907e+00,1.000000000000000000e+00
8.818199954602917723e-01,-3.118205608569144527e+00,1.000000000000000000e+00
1.062609233078637860e+00,-3.572169452944982115e+00,1.000000000000000000e+00
5.339639546056695885e-02,-4.370428979393104818e+00,1.000000000000000000e+00
7.833017353308197039e-01,-3.660572999127939653e+00,1.000000000000000000e+00
1.057236797056855249e+00,-3.949632789270319133e+00,1.000000000000000000e+00
1.249530271170663065e+00,-2.853795687878576182e+00,1.000000000000000000e+00
8.756128572887054151e-01,-4.180476835328383878e+00,1.000000000000000000e+00
4.796815941778290737e-01,-3.883796756115947435e+00,1.000000000000000000e+00
1.100770428785803112e+00,-3.817799875878681526e+00,1.000000000000000000e+00
1.147303799892307463e+00,-3.072895143849848854e+00,1.000000000000000000e+00
8.741725009815914937e-01,-3.220278209188031315e+00,1.000000000000000000e+00
8.135569250329681701e-01,-3.716447246886886990e+00,1.000000000000000000e+00
1.347667891338391266e+00,-3.390951135948379935e+00,1.000000000000000000e+00
9.834813211740761618e-01,-2.708915684967399873e+00,1.000000000000000000e+00
6.418115343594730238e-01,-3.511038557696256834e+00,1.000000000000000000e+00
1.070835488046897321e+00,-3.216465163165330043e+00,1.000000000000000000e+00
1.132540740216303687e+00,-3.744392116791954717e+00,1.000000000000000000e+00
1.338762134943355608e+00,-2.960153533556682870e+00,1.000000000000000000e+00
8.402014832338394745e-01,-3.289715688432848673e+00,1.000000000000000000e+00
2.031832938047750670e+00,-2.987970506128282189e+00,1.000000000000000000e+00
9.890804343523663666e-01,-2.949263489344839506e+00,1.000000000000000000e+00
1.628634191068616843e+00,-3.666555704344113931e+00,1.000000000000000000e+00
1.128820884067012420e+00,-3.257666108063081101e+00,1.000000000000000000e+00
1.542600351345752907e+00,-3.031035585102316965e+00,1.000000000000000000e+00
1.688371635512362134e+00,-2.872697981823937319e+00,1.000000000000000000e+00
1.747719305958824298e+00,-2.838591190475118431e+00,1.000000000000000000e+00
8.367698954900248953e-01,-3.405506152956842225e+00,1.000000000000000000e+00
1.816983241715063535e+00,-3.037898836833698546e+00,1.000000000000000000e+00
1.277364993881217492e+00,-2.405052548227757381e+00,1.000000000000000000e+00
1.407751684753268062e+00,-3.150357080866980741e+00,1.000000000000000000e+00
5.842578057236004208e-01,-3.215334851495383006e+00,1.000000000000000000e+00
1.439457633371936440e+00,-2.571728869726164213e+00,1.000000000000000000e+00
1.857801990967078654e+00,-2.863429009278368298e+00,1.000000000000000000e+00
1.391862877759624695e+00,-2.538403872131524075e+00,1.000000000000000000e+00
1.740573451022945362e+00,-2.771589199767026113e+00,1.000000000000000000e+00
1.179943904933087095e+00,-1.908370676621756523e+00,1.000000000000000000e+00
2.003540470715902799e+00,-2.605490022959473073e+00,1.000000000000000000e+00
1.883761178845835493e+00,-2.476792684654609555e+00,1.000000000000000000e+00
1.994862505270788899e+00,-2.753381804211530337e+00,1.000000000000000000e+00
1.900318840440299750e+00,-2.543832319763735139e+00,1.000000000000000000e+00
1.832308210723139874e+00,-2.246901625745023612e+00,1.000000000000000000e+00
1.400077846974491003e+00,-2.209486785555722754e+00,1.000000000000000000e+00
1.350410767279116575e+00,-2.605818041890069381e+00,1.000000000000000000e+00
9.768877878688306815e-01,-2.062172166054076605e+00,1.000000000000000000e+00
1.746169216588047357e+00,-2.163213472913989133e+00,1.000000000000000000e+00
2.181703952995245555e+00,-2.312026264499836170e+00,1.000000000000000000e+00
1.465304856010479106e+00,-2.095153769217150241e+00,1.000000000000000000e+00
2.069630599975978757e+00,-1.190995760229483391e+00,1.000000000000000000e+00
1.688258583553603698e+00,-2.145507199215931138e+00,1.000000000000000000e+00
1.767547100447369512e+00,-2.314750297916333466e+00,1.000000000000000000e+00
1.321684353538549184e+00,-1.750070681033180753e+00,1.000000000000000000e+00
1.356620600330406878e+00,-1.958305261236019001e+00,1.000000000000000000e+00
1.606153282145177386e+00,-1.617977466541116849e+00,1.000000000000000000e+00
1.593174922493730383e+00,-1.965146272906857838e+00,1.000000000000000000e+00
1.485277517800015046e+00,-2.053487718144462626e+00,1.000000000000000000e+00
1.240496456249046364e+00,-2.069709838204673247e+00,1.000000000000000000e+00
1.761024423456288401e+00,-1.901705453200991602e+00,1.000000000000000000e+00
1.508218017793101939e+00,-1.085446184351504417e+00,1.000000000000000000e+00
1.993686627997745431e+00,-1.795334785012404621e+00,1.000000000000000000e+00
2.216341090952653747e+00,-1.293635616798264776e+00,1.000000000000000000e+00
1.488153517666514825e+00,-1.726029740346278540e+00,1.000000000000000000e+00
1.732766487504048492e+00,-1.171625872549022507e+00,1.000000000000000000e+00
1.816495603491300015e+00,-1.423684581460522569e+00,1.000000000000000000e+00
2.090559524392372914e+00,-1.384173427050268801e+00,1.000000000000000000e+00
1.672063311720302092e+00,-1.603043937072612168e+00,1.000000000000000000e+00
1.923766768463775811e+00,-1.150905598658472639e+00,1.000000000000000000e+00
2.369322730100975605e+00,-2.126616829880998427e+00,1.000000000000000000e+00
2.304776561272599888e+00,-1.233302402133352293e+00,1.000000000000000000e+00
2.022480842470191220e+00,-9.963280927060393921e-01,1.000000000000000000e+00
1.405205649519199795e+00,-1.193707913467025650e+00,1.000000000000000000e+00
1.885825134703322359e+00,-1.045491895165953089e+00,1.000000000000000000e+00
1.857194481338683367e+00,-7.587690612478481533e-01,1.000000000000000000e+00
2.253054034331792632e+00,-5.520387953125834857e-01,1.000000000000000000e+00
1.690894980242392931e+00,-1.443136002269812090e+00,1.000000000000000000e+00
2.649574566796136121e+00,-1.074948328076552828e+00,1.000000000000000000e+00
1.398895267183810853e+00,-2.350188597979225857e-01,1.000000000000000000e+00
2.348957308223395213e+00,-6.300472738404157003e-01,1.000000000000000000e+00
1.929623603663380260e+00,-7.149816906393560156e-01,1.000000000000000000e+00
1.748615043985866313e+00,-1.351044237588036712e+00,1.000000000000000000e+00
1.920290795053149591e+00,-3.802089515978898104e-01,1.000000000000000000e+00
2.146658943992306945e+00,-6.779785382344108990e-01,1.000000000000000000e+00
2.348604467258854633e+00,-7.177749746692374533e-01,1.000000000000000000e+00
2.086559627151582053e+00,-5.011721559270875259e-01,1.000000000000000000e+00
1.932021396805028823e+00,-6.200995620119729157e-01,1.000000000000000000e+00
1.956085925077112320e+00,-7.814950831829641231e-01,1.000000000000000000e+00
1.793812307572187903e+00,-9.798617378093642527e-01,1.000000000000000000e+00
2.525155931733718884e+00,-7.374432619754497931e-02,1.000000000000000000e+00
1.909715660958521743e+00,-7.608035747140540206e-01,1.000000000000000000e+00
1.308779678543614544e+00,-3.723916136158561541e-01,1.000000000000000000e+00
1.977035067384454559e+00,-3.035016378497595868e-01,1.000000000000000000e+00
2.654708196819570265e+00,-1.937775405589524935e-01,1.000000000000000000e+00
2.132422137260635342e+00,-7.704832777337069505e-01,1.000000000000000000e+00
2.299789447540856457e+00,2.599066115801293431e-01,1.000000000000000000e+00
1.848061008834216645e+00,-4.859807471406715207e-01,1.000000000000000000e+00
