7.609000000000000208e-01,1.167063164045389762e-01,0.000000000000000000e+00
9.977700000000000458e-01,8.234459699548565825e-02,0.000000000000000000e+00
1.024589999999999890e+00,2.910938762204516306e-01,0.000000000000000000e+00
1.077550000000000008e+00,9.176437246479002274e-02,0.000000000000000000e+00
9.138500000000000512e-01,5.462940552686308682e-02,0.000000000000000000e+00
7.641900000000000359e-01,1.487406253454918170e-01,0.000000000000000000e+00
7.076599999999999557e-01,2.191334273527247023e-01,0.000000000000000000e+00
9.203999999999999959e-01,1.816195442159742601e-01,0.000000000000000000e+00
8.225299999999999834e-01,1.467745546482930041e-01,0.000000000000000000e+00
9.513099999999999890e-01,2.786106790265964195e-01,0.000000000000000000e+00
6.864299999999999846e-01,2.524629391143743962e-01,0.000000000000000000e+00
1.017830000000000013e+00,2.921704066963854429e-01,0.000000000000000000e+00
5.851600000000000135e-01,4.219260635385418401e-01,0.000000000000000000e+00
7.460799999999999654e-01,4.718620649738691220e-01,0.000000000000000000e+00
5.252499999999999947e-01,3.325761913665753466e-01,0.000000000000000000e+00
5.789699999999999847e-01,5.365085722066219587e-01,0.000000000000000000e+00
3.921100000000000141e-01,4.817765682729783228e-01,0.000000000000000000e+00
4.867299999999999960e-01,3.104239559200049348e-01,0.000000000000000000e+00
3.833199999999999941e-01,3.627620306670139572e-01,0.000000000000000000e+00
5.287300000000000333e-01,3.553635902163118643e-01,0.000000000000000000e+00
4.380499999999999949e-01,3.883229138949482739e-01,0.000000000000000000e+00
4.352199999999999958e-01,3.738775223505278467e-01,0.000000000000000000e+00
4.207999999999999935e-02,5.753122328467527025e-01,0.000000000000000000e+00
3.268800000000000039e-01,4.243353689078269153e-01,0.000000000000000000e+00
8.692999999999999339e-02,2.971237779565668036e-01,0.000000000000000000e+00
-1.329400000000000026e-01,2.776362229295377126e-01,0.000000000000000000e+00
-1.383199999999999985e-01,4.239903172132496456e-01,0.000000000000000000e+00
-3.660999999999999671e-02,4.367899285265087750e-01,0.000000000000000000e+00
-7.953999999999999959e-02,4.140684344388377292e-01,0.000000000000000000e+00
-4.879000000000000004e-02,5.377910678124496746e-01,0.000000000000000000e+00
-3.046300000000000119e-01,5.896691513286268505e-01,0.000000000000000000e+00
-4.581399999999999917e-01,4.636838363834674404e-01,0.000000000000000000e+00
-3.187800000000000078e-01,2.911645535675781993e-01,0.000000000000000000e+00
-5.415499999999999758e-01,5.137581121644931859e-01,0.000000000000000000e+00
-5.848999999999999755e-01,3.025763771953937087e-01,0.000000000000000000e+00
-5.428500000000000547e-01,2.563025857179809242e-01,0.000000000000000000e+00
-7.046400000000000441e-01,2.437761439908684158e-01,0.000000000000000000e+00
-6.846499999999999808e-01,3.197375770595943245e-01,0.000000000000000000e+00
-7.989199999999999635e-01,1.623786372096805708e-01,0.000000000000000000e+00
-8.864300000000000512e-01,4.316803870373427388e-01,0.000000000000000000e+00
-9.262500000000000178e-01,3.719063743291877722e-01,0.000000000000000000e+00
-7.893200000000000216e-01,3.361549270570483028e-01,0.000000000000000000e+00
-9.207100000000000284e-01,4.282869321914760108e-01,0.000000000000000000e+00
-1.068189999999999973e+00,3.299435428430076422e-01,0.000000000000000000e+00
-9.536700000000000177e-01,1.465810856606599155e-01,0.000000000000000000e+00
-1.152430000000000065e+00,2.569922234841289232e-01,0.000000000000000000e+00
-9.815199999999999481e-01,1.861721576986910265e-01,0.000000000000000000e+00
-9.070099999999999829e-01,2.999901747665914553e-01,0.000000000000000000e+00
-1.003069999999999906e+00,2.630517445140816424e-01,0.000000000000000000e+00
-1.227800000000000002e+00,2.184829521452948675e-01,0.000000000000000000e+00
1.832079999999999931e+00,3.577013052320039965e-01,1.000000000000000000e+00
2.009339999999999904e+00,4.134243677543868456e-01,1.000000000000000000e+00
1.911780000000000035e+00,3.080454475650608037e-01,1.000000000000000000e+00
1.852400000000000047e+00,1.951334709987528615e-01,1.000000000000000000e+00
2.083600000000000119e+00,3.180643609127192795e-01,1.000000000000000000e+00
2.037269999999999914e+00,2.653825286315987242e-01,1.000000000000000000e+00
2.086160000000000014e+00,8.810776183514715254e-02,1.000000000000000000e+00
2.053080000000000016e+00,2.409200584285629831e-01,1.000000000000000000e+00
1.938369999999999926e+00,2.205275183751874424e-01,1.000000000000000000e+00
1.909520000000000106e+00,-1.640267362503614089e-03,1.000000000000000000e+00
1.761139999999999928e+00,1.225982351709595936e-01,1.000000000000000000e+00
1.851679999999999993e+00,1.383798720442219743e-01,1.000000000000000000e+00
1.731020000000000003e+00,1.899533606387479867e-01,1.000000000000000000e+00
1.657899999999999929e+00,1.601466454777646098e-02,1.000000000000000000e+00
1.553630000000000067e+00,5.308544779538075520e-02,1.000000000000000000e+00
1.594989999999999908e+00,3.344117296684560176e-02,1.000000000000000000e+00
1.691259999999999986e+00,1.348857297153448209e-01,1.000000000000000000e+00
1.601769999999999916e+00,-1.203025859385814383e-01,1.000000000000000000e+00
1.272969999999999935e+00,-6.228559592490709451e-02,1.000000000000000000e+00
1.516129999999999978e+00,-2.085840633624330785e-03,1.000000000000000000e+00
1.359280000000000044e+00,8.444528699939839178e-02,1.000000000000000000e+00
1.198180000000000023e+00,5.139615478037438956e-02,1.000000000000000000e+00
1.103820000000000023e+00,-7.198524807607267761e-02,1.000000000000000000e+00
1.066869999999999985e+00,9.250974752711610405e-02,1.000000000000000000e+00
1.047290000000000054e+00,1.915083350882390845e-01,1.000000000000000000e+00
9.778400000000000425e-01,-2.116264291627906191e-02,1.000000000000000000e+00
8.366900000000000448e-01,-8.400597178618932070e-02,1.000000000000000000e+00
9.812800000000000411e-01,-2.036844807485209755e-02,1.000000000000000000e+00
7.992000000000000215e-01,1.470858249405586349e-01,1.000000000000000000e+00
7.811099999999999710e-01,7.523564971045498817e-02,1.000000000000000000e+00
6.072699999999999765e-01,1.320778110952744999e-01,1.000000000000000000e+00
7.259700000000000042e-01,-1.088435431769651934e-01,1.000000000000000000e+00
7.351600000000000357e-01,-1.275798248513417173e-02,1.000000000000000000e+00
4.119300000000000184e-01,1.106173253615258117e-01,1.000000000000000000e+00
7.574400000000000022e-01,-1.704696245326226337e-02,1.000000000000000000e+00
4.572300000000000253e-01,-1.007336931447319617e-03,1.000000000000000000e+00
3.787499999999999756e-01,1.960968820027743711e-02,1.000000000000000000e+00
3.317899999999999738e-01,1.917002985100704215e-01,1.000000000000000000e+00
2.032100000000000017e-01,2.678517897111344359e-01,1.000000000000000000e+00
3.182400000000000229e-01,4.078606507885850808e-03,1.000000000000000000e+00
2.082600000000000007e-01,6.410305062939374021e-02,1.000000000000000000e+00
9.907000000000000528e-02,2.574513176513256729e-01,1.000000000000000000e+00
1.985099999999999920e-01,8.248805274647320884e-02,1.000000000000000000e+00
7.005999999999999728e-02,1.069117804936385169e-01,1.000000000000000000e+00
8.371000000000000663e-02,2.631067176658134429e-02,1.000000000000000000e+00
1.864500000000000046e-01,2.976311176009579507e-01,1.000000000000000000e+00
1.651400000000000090e-01,1.981956527425904335e-01,1.000000000000000000e+00
-1.333000000000000018e-01,1.545109009313682114e-01,1.000000000000000000e+00
1.440299999999999914e-01,1.977748215304603874e-01,1.000000000000000000e+00
1.770400000000000029e-01,1.312139768409036067e-01,1.000000000000000000e+00
1.000000000000000000e+00,1.000000000000000000e+00,1.000000000000000000e+00
1.000000000000000000e+00,1.000000000000000000e+00,1.000000000000000000e+00
1.000000000000000000e+00,1.000000000000000000e+00,1.000000000000000000e+00
1.000000000000000000e+00,1.000000000000000000e+00,1.000000000000000000e+00
1.000000000000000000e+00,1.000000000000000000e+00,1.000000000000000000e+00
1.000000000000000000e+00,1.000000000000000000e+00,1.000000000000000000e+00
1.000000000000000000e+00,1.000000000000000000e+00,1.000000000000000000e+00
1.000000000000000000e+00,1.000000000000000000e+00,1.000000000000000000e+00
1.000000000000000000e+00,1.000000000000000000e+00,1.000000000000000000e+00
1.000000000000000000e+00,1.000000000000000000e+00,1.000000000000000000e+00
1.000000000000000000e+00,1.000000000000000000e+00,1.000000000000000000e+00
1.000000000000000000e+00,1.000000000000000000e+00,1.000000000000000000e+00
1.000000000000000000e+00,1.000000000000000000e+00,1.000000000000000000e+00
1.000000000000000000e+00,1.000000000000000000e+00,1.000000000000000000e+00
1.000000000000000000e+00,1.000000000000000000e+00,1.000000000000000000e+00
1.000000000000000000e+00,1.000000000000000000e+00,1.000000000000000000e+00
1.000000000000000000e+00,1.000000000000000000e+00,1.000000000000000000e+00
1.000000000000000000e+00,1.000000000000000000e+00,1.000000000000000000e+00
1.000000000000000000e+00,1.000000000000000000e+00,1.000000000000000000e+00
1.000000000000000000e+00,1.000000000000000000e+00,1.000000000000000000e+00
1.000000000000000000e+00,1.000000000000000000e+00,1.000000000000000000e+00
1.000000000000000000e+00,1.000000000000000000e+00,1.000000000000000000e+00
1.000000000000000000e+00,1.000000000000000000e+00,1.000000000000000000e+00
1.000000000000000000e+00,1.000000000000000000e+00,1.000000000000000000e+00
1.000000000000000000e+00,1.000000000000000000e+00,1.000000000000000000e+00
1.000000000000000000e+00,1.000000000000000000e+00,1.000000000000000000e+00
1.000000000000000000e+00,1.000000000000000000e+00,1.000000000000000000e+00
1.000000000000000000e+00,1.000000000000000000e+00,1.000000000000000000e+00
1.000000000000000000e+00,1.000000000000000000e+00,1.000000000000000000e+00
1.000000000000000000e+00,1.000000000000000000e+00,1.000000000000000000e+00
1.000000000000000000e+00,1.000000000000000000e+00,1.000000000000000000e+00
1.000000000000000000e+00,1.000000000000000000e+00,1.000000000000000000e+00
1.000000000000000000e+00,1.000000000000000000e+00,1.000000000000000000e+00
1.000000000000000000e+00,1.000000000000000000e+00,1.000000000000000000e+00
1.000000000000000000e+00,1.000000000000000000e+00,1.000000000000000000e+00
1.000000000000000000e+00,1.000000000000000000e+00,1.000000000000000000e+00
1.000000000000000000e+00,1.000000000000000000e+00,1.000000000000000000e+00
1.000000000000000000e+00,1.000000000000000000e+00,1.000000000000000000e+00
1.000000000000000000e+00,1.000000000000000000e+00,1.000000000000000000e+00
1.000000000000000000e+00,1.000000000000000000e+00,1.000000000000000000e+00
1.000000000000000000e+00,1.000000000000000000e+00,1.000000000000000000e+00
1.000000000000000000e+00,1.000000000000000000e+00,1.000000000000000000e+00
1.000000000000000000e+00,1.000000000000000000e+00,1.000000000000000000e+00
1.000000000000000000e+00,1.000000000000000000e+00,1.000000000000000000e+00
1.000000000000000000e+00,1.000000000000000000e+00,1.000000000000000000e+00
1.000000000000000000e+00,1.000000000000000000e+00,1.000000000000000000e+00
1.000000000000000000e+00,1.000000000000000000e+00,1.000000000000000000e+00
1.000000000000000000e+00,1.000000000000000000e+00,1.000000000000000000e+00
1.000000000000000000e+00,1.000000000000000000e+00,1.000000000000000000e+00
1.000000000000000000e+00,1.000000000000000000e+00,1.000000000000000000e+00
1.000000000000000000e+00,1.000000000000000000e+00,1.000000000000000000e+00
1.000000000000000000e+00,1.000000000000000000e+00,1.000000000000000000e+00
1.000000000000000000e+00,1.000000000000000000e+00,1.000000000000000000e+00
1.000000000000000000e+00,1.000000000000000000e+00,1.000000000000000000e+00
1.000000000000000000e+00,1.000000000000000000e+00,1.000000000000000000e+00
1.000000000000000000e+00,1.000000000000000000e+00,1.000000000000000000e+00
1.000000000000000000e+00,1.000000000000000000e+00,1.000000000000000000e+00
1.000000000000000000e+00,1.000000000000000000e+00,1.000000000000000000e+00
1.000000000000000000e+00,1.000000000000000000e+00,1.000000000000000000e+00
1.000000000000000000e+00,1.000000000000000000e+00,1.000000000000000000e+00
1.000000000000000000e+00,1.000000000000000000e+00,1.000000000000000000e+00
1.000000000000000000e+00,1.000000000000000000e+00,1.000000000000000000e+00
1.000000000000000000e+00,1.000000000000000000e+00,1.000000000000000000e+00
1.000000000000000000e+00,1.000000000000000000e+00,1.000000000000000000e+00
1.000000000000000000e+00,1.000000000000000000e+00,1.000000000000000000e+00
1.000000000000000000e+00,1.000000000000000000e+00,1.000000000000000000e+00
1.000000000000000000e+00,1.000000000000000000e+00,1.000000000000000000e+00
1.000000000000000000e+00,1.000000000000000000e+00,1.000000000000000000e+00
1.000000000000000000e+00,1.000000000000000000e+00,1.000000000000000000e+00
1.000000000000000000e+00,1.000000000000000000e+00,1.000000000000000000e+00
1.000000000000000000e+00,1.000000000000000000e+00,1.000000000000000000e+00
1.000000000000000000e+00,1.000000000000000000e+00,1.000000000000000000e+00
1.000000000000000000e+00,1.000000000000000000e+00,1.000000000000000000e+00
1.000000000000000000e+00,1.000000000000000000e+00,1.000000000000000000e+00
1.000000000000000000e+00,1.000000000000000000e+00,1.000000000000000000e+00
1.000000000000000000e+00,1.000000000000000000e+00,1.000000000000000000e+00
1.000000000000000000e+00,1.000000000000000000e+00,1.000000000000000000e+00
1.000000000000000000e+00,1.000000000000000000e+00,1.000000000000000000e+00
1.000000000000000000e+00,1.000000000000000000e+00,1.000000000000000000e+00
1.000000000000000000e+00,1.000000000000000000e+00,1.000000000000000000e+00
1.000000000000000000e+00,1.000000000000000000e+00,1.000000000000000000e+00
1.000000000000000000e+00,1.000000000000000000e+00,1.000000000000000000e+00
1.000000000000000000e+00,1.000000000000000000e+00,1.000000000000000000e+00
1.000000000000000000e+00,1.000000000000000000e+00,1.000000000000000000e+00
1.000000000000000000e+00,1.000000000000000000e+00,1.000000000000000000e+00
1.000000000000000000e+00,1.000000000000000000e+00,1.000000000000000000e+00
1.000000000000000000e+00,1.000000000000000000e+00,1.000000000000000000e+00
1.000000000000000000e+00,1.000000000000000000e+00,1.000000000000000000e+00
1.000000000000000000e+00,1.000000000000000000e+00,1.000000000000000000e+00
1.000000000000000000e+00,1.000000000000000000e+00,1.000000000000000000e+00
1.000000000000000000e+00,1.000000000000000000e+00,1.000000000000000000e+00
1.000000000000000000e+00,1.000000000000000000e+00,1.000000000000000000e+00
1.000000000000000000e+00,1.000000000000000000e+00,1.000000000000000000e+00
1.000000000000000000e+00,1.000000000000000000e+00,1.000000000000000000e+00
1.000000000000000000e+00,1.000000000000000000e+00,1.000000000000000000e+00
1.000000000000000000e+00,1.000000000000000000e+00,1.000000000000000000e+00
1.000000000000000000e+00,1.000000000000000000e+00,1.000000000000000000e+00
1.000000000000000000e+00,1.000000000000000000e+00,1.000000000000000000e+00
1.000000000000000000e+00,1.000000000000000000e+00,1.000000000000000000e+00
1.000000000000000000e+00,1.000000000000000000e+00,1.000000000000000000e+00
